0.3 40 0.61356 0.0074328 0.0026371 0.01394
0.32 40 0.59799 0.0083625 0.0030167 0.014865
0.34 40 0.58011 0.0091136 0.0034219 0.015787
0.36 40 0.56094 0.010822 0.0038408 0.016713
0.38 40 0.54069 0.011012 0.0042786 0.017645
0.4 40 0.52008 0.012115 0.0047251 0.018576
0.42 40 0.49701 0.010771 0.0051765 0.019523
0.44 40 0.47344 0.0099239 0.0056317 0.020476
0.46 40 0.44777 0.0069463 0.0060731 0.021448
0.48 40 0.42084 0.0033293 0.0064992 0.022442
0.5 40 0.39239 -0.0030294 0.0068795 0.023467
0.52 40 0.36257 -0.012389 0.0071925 0.024543
0.54 40 0.33104 -0.026695 0.0073975 0.025697
0.56 40 0.29736 -0.04841 0.0074305 0.026977
0.58 40 0.26049 -0.081573 0.0071987 0.028478
0.6 40 0.21782 -0.133 0.0065692 0.030373
0.61 40 0.19253 -0.16885 0.0060469 0.031565
0.62 40 0.16277 -0.21404 0.0053476 0.03301
0.63 40 0.12611 -0.27122 0.0044412 0.034811
0.64 40 0.078591 -0.34383 0.0033033 0.037127
0.65 40 0.013524 -0.43605 0.001933 0.040196
0.66 40 -0.080467 -0.55243 0.00039557 0.044382
0.67 40 -0.22304 -0.69606 -0.0010731 0.050239
0.68 40 -0.44769 -0.86238 -0.0018194 0.05855
0.69 40 -0.80666 -1.0215 -0.00024119 0.070171
0.7 40 -1.356 -1.0781 0.0069965 0.085007
0.72 40 -2.633 -0.13561 0.051254 0.10227
0.74 40 -2.3551 1.456 0.087049 0.069382
0.76 40 -1.5074 1.9557 0.085738 0.039492
0.78 40 -0.98252 1.9963 0.077825 0.025239
0.8 40 -0.6818 1.9587 0.071463 0.017999
0.82 40 -0.49337 1.9223 0.066891 0.013643
0.84 40 -0.3632 1.8985 0.063542 0.010606
0.86 40 -0.26575 1.8861 0.060984 0.0082574
0.88 40 -0.18817 1.8822 0.05894 0.0063144
0.9 40 -0.12358 1.8844 0.057242 0.0046392
0.92 40 -0.068024 1.8907 0.055786 0.0031576
0.94 40 -0.019089 1.9 0.054503 0.001826
0.96 40 0.024775 1.9115 0.05335 0.00061662
0.98 40 0.064614 1.9244 0.052296 -0.00048958
1 40 0.10117 1.9385 0.051321 -0.0015065
1.02 40 0.13496 1.9534 0.05041 -0.002445
1.04 40 0.16641 1.9689 0.049553 -0.0033136
1.06 40 0.19582 1.9849 0.048742 -0.0041193
1.08 40 0.22344 2.0012 0.047971 -0.0048683
1.1 40 0.24946 2.0177 0.047235 -0.0055659
1.12 40 0.27404 2.0345 0.046531 -0.0062168
1.14 40 0.29733 2.0515 0.045857 -0.0068253
1.16 40 0.31944 2.0686 0.045208 -0.007395
1.18 40 0.34048 2.0859 0.044585 -0.0079295
1.2 40 0.36055 2.1033 0.043984 -0.0084317
