0.3 50 0.55731 -0.010537 0.0021666 0.011977
0.32 50 0.54377 -0.011509 0.0024826 0.012773
0.34 50 0.52707 -0.011721 0.0028274 0.013556
0.36 50 0.50904 -0.010872 0.0031802 0.014342
0.38 50 0.4905 -0.011991 0.0035589 0.015126
0.4 50 0.47167 -0.010772 0.0039449 0.015902
0.42 50 0.4504 -0.013118 0.0043428 0.016686
0.44 50 0.42935 -0.01338 0.0047538 0.017458
0.46 50 0.40647 -0.015973 0.005163 0.018229
0.48 50 0.38278 -0.017512 0.0055804 0.018994
0.5 50 0.35863 -0.020904 0.0059819 0.019738
0.52 50 0.33462 -0.024835 0.0063627 0.020465
0.54 50 0.31119 -0.030459 0.0067026 0.021156
0.56 50 0.28963 -0.038443 0.0069648 0.021784
0.58 50 0.27211 -0.049975 0.0070872 0.022317
0.6 50 0.26237 -0.067502 0.0069721 0.022697
0.61 50 0.26225 -0.079783 0.0067719 0.022799
0.62 50 0.26681 -0.095449 0.006431 0.022818
0.63 50 0.27776 -0.11565 0.0058995 0.022731
0.64 50 0.29756 -0.14203 0.0051084 0.022502
0.65 50 0.32979 -0.17689 0.0039589 0.022079
0.66 50 0.37994 -0.22351 0.0023055 0.021374
0.67 50 0.45686 -0.28655 -7.1285e-05 0.020246
0.68 50 0.57576 -0.37254 -0.0035131 0.018428
0.69 50 0.7649 -0.48988 -0.0085681 0.015382
0.7 50 1.0819 -0.64567 -0.016119 0.0098816
0.72 50 2.7858 -0.83461 -0.041851 -0.027136
0.74 50 4.3115 4.1928 0.05376 -0.12529
0.76 50 0.027456 3.8848 0.099917 -0.024001
0.78 50 -0.4676 2.7841 0.080522 0.00061969
0.8 50 -0.48905 2.3405 0.07015 0.0062456
0.82 50 -0.44306 2.135 0.064309 0.0074037
0.84 50 -0.38524 2.0304 0.060576 0.0070846
0.86 50 -0.32693 1.9748 0.057923 0.0061948
0.88 50 -0.27116 1.9454 0.055875 0.0050861
0.9 50 -0.21883 1.9309 0.054195 0.0039144
0.92 50 -0.17008 1.9255 0.052758 0.0027517
0.94 50 -0.12477 1.9259 0.05149 0.0016319
0.96 50 -0.082666 1.9301 0.050346 0.00056989
0.98 50 -0.043472 1.9371 0.049298 -0.00042923
1 50 -0.00691 1.9459 0.048326 -0.001365
1.02 50 0.027283 1.9562 0.047417 -0.0022395
1.04 50 0.05934 1.9674 0.046561 -0.0030558
1.06 50 0.089466 1.9795 0.045751 -0.0038174
1.08 50 0.11784 1.9922 0.04498 -0.0045281
1.1 50 0.14461 2.0054 0.044246 -0.0051916
1.12 50 0.16991 2.0191 0.043544 -0.0058114
1.14 50 0.19387 2.033 0.042872 -0.006391
1.16 50 0.21658 2.0473 0.042227 -0.0069338
1.18 50 0.23816 2.0618 0.041607 -0.0074429
1.2 50 0.25868 2.0766 0.041011 -0.007921
