0.3 30 0.69051 0.036924 0.0035016 0.017098
0.32 30 0.67174 0.040524 0.0040061 0.018256
0.34 30 0.65086 0.043561 0.0045394 0.019427
0.36 30 0.62838 0.047241 0.0050998 0.020617
0.38 30 0.60408 0.049952 0.0056847 0.021832
0.4 30 0.57842 0.052587 0.0062921 0.023078
0.42 30 0.54967 0.053658 0.0069186 0.024374
0.44 30 0.51853 0.054318 0.0075681 0.02573
0.46 30 0.48358 0.053355 0.0082361 0.027175
0.48 30 0.44454 0.051224 0.0089334 0.028737
0.5 30 0.39998 0.047001 0.009665 0.030464
0.52 30 0.34819 0.040624 0.010461 0.032419
0.54 30 0.28632 0.031934 0.011376 0.034684
0.56 30 0.21028 0.021753 0.012515 0.037367
0.58 30 0.11432 0.012802 0.014076 0.040586
0.6 30 -0.008804 0.011767 0.016411 0.044416
0.61 30 -0.082782 0.018199 0.018033 0.046544
0.62 30 -0.1657 0.032614 0.020071 0.048763
0.63 30 -0.25718 0.058373 0.022617 0.050992
0.64 30 -0.35558 0.099332 0.025751 0.0531
0.65 30 -0.45755 0.15934 0.029517 0.054907
0.66 30 -0.55771 0.24134 0.033887 0.056191
0.67 30 -0.649 0.34623 0.03874 0.056723
0.68 30 -0.72372 0.47181 0.043845 0.056321
0.69 30 -0.77524 0.61251 0.048898 0.054906
0.7 30 -0.7998 0.76024 0.053575 0.052538
0.72 30 -0.77128 1.0429 0.060868 0.045761
0.74 30 -0.6708 1.2712 0.064968 0.038001
0.76 30 -0.54249 1.4349 0.066507 0.030798
0.78 30 -0.41531 1.5468 0.066489 0.024747
0.8 30 -0.30136 1.6239 0.065682 0.019848
0.82 30 -0.20309 1.6795 0.06454 0.015897
0.84 30 -0.11913 1.7222 0.063293 0.01267
0.86 30 -0.047071 1.7573 0.06205 0.009984
0.88 30 0.015439 1.7877 0.060856 0.0077053
0.9 30 0.070342 1.8153 0.059725 0.005737
0.92 30 0.11917 1.8411 0.058659 0.0040105
0.94 30 0.16309 1.8658 0.057654 0.0024768
0.96 30 0.20301 1.8896 0.056704 0.0010999
0.98 30 0.23962 1.9128 0.055802 -0.00014656
1 30 0.27344 1.9356 0.054944 -0.0012826
1.02 30 0.3049 1.9581 0.054125 -0.0023238
1.04 30 0.33431 1.9803 0.05334 -0.0032824
1.06 30 0.36194 2.0023 0.052587 -0.0041683
1.08 30 0.38799 2.024 0.051862 -0.0049898
1.1 30 0.41266 2.0457 0.051164 -0.0057535
1.12 30 0.43607 2.0671 0.050491 -0.0064656
1.14 30 0.45835 2.0885 0.04984 -0.007131
1.16 30 0.47961 2.1098 0.049211 -0.0077542
1.18 30 0.49994 2.1309 0.048602 -0.0083391
1.2 30 0.51943 2.1521 0.048011 -0.008889
