0.3 46 0.57803 -0.004209 0.0023285 0.012666
0.32 46 0.56374 -0.0044517 0.0026662 0.013505
0.34 46 0.5467 -0.0043627 0.0030314 0.014335
0.36 46 0.52838 -0.0032145 0.0034068 0.015168
0.38 46 0.5093 -0.0038596 0.003805 0.016001
0.4 46 0.48999 -0.002753 0.004211 0.016827
0.42 46 0.46825 -0.0047004 0.0046259 0.017663
0.44 46 0.44653 -0.0052172 0.0050501 0.018491
0.46 46 0.42297 -0.0079297 0.0054675 0.019321
0.48 46 0.3986 -0.010241 0.0058831 0.020151
0.5 46 0.37356 -0.014686 0.0062696 0.020972
0.52 46 0.34845 -0.020612 0.0066137 0.021789
0.54 46 0.32363 -0.029483 0.0068836 0.022595
0.56 46 0.30011 -0.042752 0.0070242 0.023381
0.58 46 0.27951 -0.062953 0.0069453 0.024145
0.6 46 0.26444 -0.094837 0.0065002 0.024888
0.62 46 0.25893 -0.14713 0.0054162 0.025623
0.64 46 0.26993 -0.23695 0.0031756 0.026422
0.65 46 0.28523 -0.30621 0.0013241 0.026902
0.655 46 0.2963 -0.35006 0.00012705 0.027182
0.66 46 0.31019 -0.40192 -0.0013029 0.027502
0.665 46 0.32739 -0.46373 -0.0030191 0.027877
0.67 46 0.34855 -0.53804 -0.0050914 0.028326
0.675 46 0.37446 -0.62832 -0.0076135 0.02888
0.68 46 0.40614 -0.73939 -0.010714 0.029579
0.685 46 0.44489 -0.87812 -0.014575 0.030488
0.69 46 0.49239 -1.0547 -0.019463 0.031709
0.695 46 0.55075 -1.2849 -0.02578 0.033406
0.7 46 0.62247 -1.5942 -0.034171 0.035875
0.705 46 0.70978 -2.0274 -0.045728 0.039677
0.71 46 0.81141 -2.6691 -0.062451 0.046008
0.715 46 0.90757 -3.7012 -0.088396 0.057846
0.72 46 0.87519 -5.5849 -0.13284 0.084471
0.725 46 -0.19458 -9.7774 -0.21796 0.16759
0.73 46 -12.918 -17.853 -0.23498 0.58155
0.735 46 -17.392 8.2089 0.44687 0.32896
0.74 46 -6.5622 7.7228 0.28605 0.077811
0.745 46 -3.6813 5.8147 0.20086 0.03543
0.75 46 -2.5213 4.6892 0.15801 0.023228
0.76 46 -1.5526 3.5185 0.11659 0.016116
0.78 46 -0.90303 2.6064 0.085476 0.012873
0.8 46 -0.64568 2.2549 0.073036 0.01128
0.82 46 -0.49756 2.0874 0.066427 0.0097916
0.84 46 -0.39402 2.0001 0.062298 0.0083041
0.86 46 -0.31303 1.9534 0.059415 0.0068391
0.88 46 -0.24538 1.9292 0.057226 0.0054251
0.9 46 -0.18667 1.9183 0.055459 0.0040807
0.92 46 -0.13448 1.9156 0.053967 0.0028149
0.94 46 -0.087365 1.9182 0.052663 0.0016299
0.96 46 -0.044373 1.9244 0.051496 0.00052419
0.98 46 -0.0048258 1.933 0.050433 -0.00050571
1 46 0.031784 1.9434 0.049451 -0.0014644
1.02 46 0.065849 1.9552 0.048535 -0.0023567
1.04 46 0.09768 1.9678 0.047673 -0.0031875
1.06 46 0.12753 1.9812 0.046859 -0.0039613
1.08 46 0.1556 1.9951 0.046085 -0.0046827
1.1 46 0.18207 2.0095 0.045348 -0.0053558
1.12 46 0.20709 2.0242 0.044644 -0.0059845
1.14 46 0.23077 2.0392 0.043969 -0.0065726
1.16 46 0.25324 2.0545 0.043321 -0.0071233
1.18 46 0.2746 2.07 0.042699 -0.0076399
1.2 46 0.29493 2.0857 0.0421 -0.0081254
