0.5 49 0.36245 -0.019396 0.0060491 0.020022
0.52 49 0.33826 -0.02378 0.0064211 0.020767
0.54 49 0.31465 -0.030145 0.0067439 0.02148
0.56 49 0.29285 -0.039345 0.0069762 0.022137
0.58 49 0.27497 -0.052891 0.0070482 0.022713
0.6 49 0.26461 -0.07379 0.0068489 0.023159
0.62 49 0.26785 -0.10752 0.0061658 0.02339
0.64 49 0.29623 -0.16446 0.0045962 0.023272
0.65 49 0.32648 -0.20759 0.0032531 0.023006
0.655 49 0.34759 -0.23454 0.0023766 0.022797
0.66 49 0.37385 -0.26602 0.0013262 0.022523
0.665 49 0.40645 -0.30299 6.4827e-05 0.022169
0.67 49 0.44695 -0.34658 -0.0014548 0.021714
0.675 49 0.49749 -0.39828 -0.0032937 0.021126
0.68 49 0.56096 -0.45993 -0.0055323 0.020364
0.685 49 0.6415 -0.53388 -0.008278 0.019362
0.69 49 0.74515 -0.62311 -0.011677 0.018018
0.695 49 0.88101 -0.73138 -0.015933 0.016173
0.7 49 1.0634 -0.86314 -0.02133 0.013552
0.705 49 1.3157 -1.023 -0.028276 0.0096727
0.71 49 1.6785 -1.2128 -0.037335 0.0036271
0.715 49 2.2249 -1.4222 -0.0492 -0.0064081
0.72 49 3.0904 -1.5917 -0.064233 -0.024322
0.725 49 4.5017 -1.4792 -0.079751 -0.058441
0.73 49 6.5481 -0.26417 -0.077959 -0.12133
0.735 49 7.603 3.2809 -0.0097115 -0.19115
0.74 49 5.0185 6.4595 0.096651 -0.17231
0.745 49 2.0404 6.4825 0.13522 -0.10398
0.75 49 0.54599 5.5097 0.13181 -0.05716
0.76 49 -0.38423 4.0153 0.10905 -0.016786
0.78 49 -0.58813 2.7815 0.082751 0.0032889
0.8 49 -0.53216 2.3334 0.071185 0.0073499
0.82 49 -0.45818 2.1296 0.064963 0.0079146
0.84 49 -0.38811 2.0263 0.06106 0.0073349
0.86 49 -0.32386 1.9714 0.058319 0.0063193
0.88 49 -0.26505 1.9425 0.056221 0.0051454
0.9 49 -0.21112 1.9285 0.054512 0.0039378
0.92 49 -0.16153 1.9235 0.053057 0.0027542
0.94 49 -0.11579 1.9243 0.051777 0.0016214
0.96 49 -0.073485 1.9289 0.050626 0.00055085
0.98 49 -0.034218 1.9362 0.049573 -0.00045425
1 49 0.0023438 1.9454 0.048598 -0.0013945
1.02 49 0.036496 1.9559 0.047687 -0.0022725
1.04 49 0.06849 1.9675 0.046829 -0.0030916
1.06 49 0.098542 1.9799 0.046018 -0.0038556
1.08 49 0.12684 1.9929 0.045246 -0.0045684
1.1 49 0.15353 2.0064 0.044511 -0.0052338
1.12 49 0.17875 2.0202 0.043808 -0.0058555
1.14 49 0.20264 2.0345 0.043135 -0.0064369
1.16 49 0.22529 2.049 0.042489 -0.0069814
1.18 49 0.24681 2.0637 0.041869 -0.007492
1.2 49 0.26729 2.0788 0.041272 -0.0079717
