0 19.8 0.95195 0 -0.0013991 0
0.3 19.8 0.81537 0.10144 0.0057731 0.023086
0.32 19.8 0.78999 0.11191 0.0066633 0.024705
0.34 19.8 0.76188 0.12272 0.0076358 0.026362
0.36 19.8 0.73113 0.13468 0.0087069 0.02806
0.38 19.8 0.6973 0.14744 0.009889 0.029808
0.4 19.8 0.66017 0.16145 0.011206 0.031612
0.42 19.8 0.6186 0.177 0.012689 0.033483
0.44 19.8 0.57237 0.19527 0.014383 0.035418
0.46 19.8 0.5208 0.21723 0.01634 0.037408
0.48 19.8 0.46371 0.24457 0.018627 0.039421
0.5 19.8 0.40115 0.27921 0.021316 0.041402
0.52 19.8 0.33391 0.3236 0.024475 0.043255
0.54 19.8 0.26381 0.38031 0.02815 0.044836
0.56 19.8 0.19401 0.45161 0.032334 0.045965
0.58 19.8 0.12901 0.53862 0.036937 0.046441
0.6 19.8 0.074062 0.6405 0.041774 0.046091
0.62 19.8 0.034015 0.75401 0.046582 0.04483
0.625 19.8 0.026754 0.78362 0.047745 0.044374
0.63 19.8 0.020661 0.81354 0.048884 0.043864
0.635 19.8 0.015749 0.84368 0.049993 0.043303
0.64 19.8 0.012023 0.87394 0.051071 0.042694
0.645 19.8 0.009476 0.90422 0.052113 0.042039
0.65 19.8 0.0080905 0.93443 0.053116 0.041342
0.655 19.8 0.0078401 0.96448 0.054078 0.040607
0.66 19.8 0.0086898 0.99429 0.054996 0.039837
0.665 19.8 0.010597 1.0238 0.05587 0.039037
0.67 19.8 0.013512 1.0529 0.056697 0.03821
0.675 19.8 0.017381 1.0815 0.057477 0.03736
0.68 19.8 0.022146 1.1097 0.05821 0.036492
0.7 19.8 0.048905 1.2164 0.060673 0.032902
0.72 19.8 0.084959 1.3126 0.062437 0.029275
0.74 19.8 0.12662 1.398 0.063601 0.025763
0.76 19.8 0.17099 1.4734 0.064282 0.022454
0.78 19.8 0.21598 1.54 0.064591 0.019391
0.8 19.8 0.26025 1.5993 0.064621 0.016587
0.82 19.8 0.30303 1.6525 0.06445 0.014032
0.84 19.8 0.34391 1.7008 0.064133 0.01171
0.86 19.8 0.38275 1.7451 0.063713 0.0095963
0.88 19.8 0.41953 1.7863 0.063223 0.0076702
0.9 19.8 0.45434 1.8248 0.062684 0.0059101
0.92 19.8 0.48731 1.8613 0.062112 0.004297
0.94 19.8 0.51856 1.896 0.061519 0.0028139
0.96 19.8 0.54824 1.9292 0.060914 0.0014463
0.98 19.8 0.57649 1.9613 0.060303 0.0001815
1 19.8 0.60343 1.9924 0.05969 -0.0009914
1.02 19.8 0.62918 2.0226 0.059079 -0.0020818
1.04 19.8 0.65383 2.0521 0.058472 -0.0030979
1.06 19.8 0.67747 2.0809 0.057871 -0.0040469
1.08 19.8 0.70019 2.1092 0.057277 -0.0049349
1.1 19.8 0.72206 2.137 0.056691 -0.0057676
1.12 19.8 0.74315 2.1644 0.056113 -0.0065496
1.14 19.8 0.76352 2.1914 0.055546 -0.0072855
1.16 19.8 0.78322 2.2181 0.054987 -0.007979
1.18 19.8 0.80229 2.2445 0.054439 -0.0086335
1.2 19.8 0.8208 2.2706 0.0539 -0.0092521
