0.5 19.95 0.39998 0.27302 0.021022 0.041253
0.52 19.95 0.33239 0.31632 0.024141 0.043138
0.54 19.95 0.2616 0.37191 0.027782 0.044767
0.56 19.95 0.1907 0.44219 0.031944 0.045957
0.58 19.95 0.12421 0.52847 0.036547 0.046503
0.6 19.95 0.067501 0.63011 0.041408 0.046223
0.62 19.95 0.02567 0.74397 0.046263 0.04502
0.625 19.95 0.017991 0.77376 0.047441 0.044575
0.63 19.95 0.011499 0.8039 0.048595 0.044075
0.635 19.95 0.006211 0.83428 0.049721 0.043522
0.64 19.95 0.0021347 0.86481 0.050815 0.042919
0.645 19.95 -0.00073452 0.89538 0.051873 0.04227
0.65 19.95 -0.0024116 0.92591 0.052893 0.041577
0.655 19.95 -0.0029218 0.95629 0.053872 0.040844
0.66 19.95 -0.0022992 0.98645 0.054807 0.040075
0.665 19.95 -0.00058618 1.0163 0.055696 0.039274
0.67 19.95 0.0021679 1.0458 0.056538 0.038445
0.675 19.95 0.0059079 1.0748 0.057333 0.037592
0.68 19.95 0.010574 1.1033 0.05808 0.036719
0.7 19.95 0.037219 1.2114 0.060591 0.033104
0.72 19.95 0.073502 1.3087 0.062387 0.029446
0.74 19.95 0.11561 1.395 0.063569 0.0259
0.76 19.95 0.1605 1.4711 0.064258 0.022561
0.78 19.95 0.20605 1.5382 0.064568 0.019473
0.8 19.95 0.25084 1.5977 0.064596 0.016648
0.82 19.95 0.2941 1.6511 0.064419 0.014077
0.84 19.95 0.33539 1.6994 0.064095 0.011741
0.86 19.95 0.37459 1.7438 0.063668 0.0096178
0.88 19.95 0.41167 1.7849 0.063171 0.0076845
0.9 19.95 0.44674 1.8234 0.062624 0.0059192
0.92 19.95 0.47992 1.8597 0.062046 0.0043023
0.94 19.95 0.51136 1.8943 0.061448 0.0028166
0.96 19.95 0.5412 1.9275 0.060838 0.0014473
0.98 19.95 0.56958 1.9595 0.060223 0.00018142
1 19.95 0.59663 1.9905 0.059606 -0.00099204
1.02 19.95 0.62246 2.0206 0.058991 -0.0020826
1.04 19.95 0.64719 2.05 0.058381 -0.0030986
1.06 19.95 0.6709 2.0787 0.057777 -0.0040472
1.08 19.95 0.69368 2.1069 0.05718 -0.0049346
1.1 19.95 0.7156 2.1346 0.056592 -0.0057665
1.12 19.95 0.73673 2.1619 0.056013 -0.0065478
1.14 19.95 0.75712 2.1888 0.055444 -0.0072828
1.16 19.95 0.77685 2.2154 0.054884 -0.0079753
1.18 19.95 0.79594 2.2417 0.054334 -0.0086288
1.2 19.95 0.81446 2.2678 0.053794 -0.0092464
