0 15 1.0863 0 -0.001741 0
0.3 15 0.9145 0.16841 0.008459 0.027982
0.32 15 0.88422 0.18769 0.0098497 0.029912
0.34 15 0.85107 0.20888 0.011404 0.031856
0.36 15 0.81516 0.23274 0.013148 0.033802
0.38 15 0.77635 0.25964 0.01511 0.035735
0.4 15 0.73469 0.29031 0.017319 0.03763
0.42 15 0.69008 0.32569 0.019811 0.039451
0.44 15 0.64314 0.36703 0.022614 0.041142
0.46 15 0.59473 0.41542 0.025747 0.042629
0.48 15 0.5463 0.47185 0.029204 0.04382
0.5 15 0.49968 0.53688 0.032948 0.044619
0.52 15 0.45706 0.61051 0.036908 0.044933
0.54 15 0.42064 0.69195 0.040972 0.044689
0.56 15 0.39238 0.77967 0.045007 0.043856
0.58 15 0.37363 0.87149 0.048869 0.04245
0.6 15 0.36493 0.96493 0.05243 0.040534
0.62 15 0.36595 1.0576 0.055591 0.038207
0.64 15 0.37571 1.1474 0.058298 0.035587
0.66 15 0.39274 1.2329 0.060536 0.032793
0.68 15 0.41544 1.3133 0.062321 0.029927
0.7 15 0.44225 1.3881 0.063695 0.027074
0.72 15 0.47182 1.4575 0.064708 0.024294
0.74 15 0.50303 1.5217 0.065415 0.021628
0.76 15 0.53504 1.5813 0.065868 0.019099
0.78 15 0.56721 1.6366 0.066114 0.016717
0.8 15 0.59911 1.6884 0.066194 0.014485
0.82 15 0.63045 1.737 0.066139 0.0124
0.84 15 0.66104 1.7828 0.065979 0.010455
0.86 15 0.69079 1.8263 0.065735 0.0086405
0.88 15 0.71964 1.8678 0.065425 0.0069486
0.9 15 0.74759 1.9076 0.065064 0.0053694
0.92 15 0.77463 1.9458 0.064662 0.0038942
0.94 15 0.80081 1.9827 0.064228 0.0025144
0.96 15 0.82614 2.0185 0.063771 0.0012223
0.98 15 0.85068 2.0533 0.063296 1.062e-05
1 15 0.87445 2.0871 0.062808 -0.001127
1.02 15 0.89751 2.1202 0.062309 -0.0021966
1.04 15 0.91989 2.1526 0.061805 -0.0032035
1.06 15 0.94164 2.1844 0.061296 -0.0041526
1.08 15 0.96278 2.2157 0.060786 -0.0050483
1.1 15 0.98335 2.2464 0.060276 -0.0058947
1.12 15 1.0034 2.2767 0.059767 -0.0066954
1.14 15 1.0229 2.3066 0.059259 -0.0074538
1.16 15 1.042 2.3361 0.058755 -0.0081728
1.18 15 1.0606 2.3652 0.058255 -0.0088553
1.2 15 1.0788 2.3941 0.057759 -0.0095036
