0.3 46.7 0.57425 -0.0053867 0.0022981 0.012537
0.32 46.7 0.5601 -0.0057589 0.0026317 0.013369
0.34 46.7 0.54313 -0.0057292 0.0029931 0.01419
0.36 46.7 0.52487 -0.004636 0.0033643 0.015013
0.38 46.7 0.50589 -0.0053673 0.0037587 0.015837
0.4 46.7 0.48669 -0.0042455 0.004161 0.016654
0.42 46.7 0.46505 -0.0062604 0.0045726 0.017479
0.44 46.7 0.44347 -0.0067316 0.0049944 0.018296
0.46 46.7 0.42006 -0.0094161 0.0054101 0.019114
0.48 46.7 0.39585 -0.011581 0.0058259 0.019931
0.5 46.7 0.37103 -0.015819 0.006215 0.020736
0.52 46.7 0.3462 -0.021363 0.0065656 0.021534
0.54 46.7 0.32176 -0.029616 0.0068478 0.022314
0.56 46.7 0.29879 -0.041888 0.0070095 0.023064
0.58 46.7 0.27909 -0.060472 0.0069648 0.023775
0.6 46.7 0.26555 -0.089714 0.0065742 0.024433
0.62 46.7 0.26288 -0.13759 0.0055766 0.025026
0.64 46.7 0.27951 -0.21971 0.0034743 0.025563
0.65 46.7 0.2997 -0.28291 0.0017231 0.025829
0.655 46.7 0.31409 -0.32287 0.00058737 0.025968
0.66 46.7 0.3321 -0.37006 -0.00077179 0.026116
0.665 46.7 0.35449 -0.4262 -0.0024055 0.026278
0.67 46.7 0.38228 -0.49355 -0.0043809 0.02646
0.675 46.7 0.41679 -0.57514 -0.006788 0.026674
0.68 46.7 0.45984 -0.67515 -0.0097504 0.026931
0.685 46.7 0.51401 -0.7995 -0.013443 0.027253
0.69 46.7 0.58303 -0.95685 -0.018121 0.027668
0.695 46.7 0.67259 -1.1604 -0.024174 0.028222
0.7 46.7 0.79181 -1.4315 -0.032227 0.028986
0.705 46.7 0.95626 -1.8064 -0.043351 0.030085
0.71 46.7 1.195 -2.3531 -0.059546 0.031755
0.715 46.7 1.5693 -3.2154 -0.085034 0.034491
0.72 46.7 2.2342 -4.7582 -0.13054 0.039573
0.725 46.7 3.7304 -8.2616 -0.23363 0.051557
0.73 46.7 10.145 -23.609 -0.6831 0.10769
0.735 46.7 -16.276 36.957 1.1054 -0.088145
0.74 46.7 -4.7117 11.335 0.3434 -0.014584
0.745 46.7 -2.8192 7.0374 0.21617 -0.0012174
0.75 46.7 -2.0425 5.2767 0.16397 0.0041712
0.76 46.7 -1.3515 3.733 0.11795 0.008552
0.78 46.7 -0.84265 2.6664 0.085408 0.010607
0.8 46.7 -0.62309 2.2802 0.072787 0.010322
0.82 46.7 -0.48986 2.1005 0.066159 0.0093211
0.84 46.7 -0.39334 2.008 0.062043 0.0080539
0.86 46.7 -0.31596 1.9587 0.059174 0.0067003
0.88 46.7 -0.25027 1.933 0.056998 0.005347
0.9 46.7 -0.19263 1.9211 0.05524 0.0040379
0.92 46.7 -0.14103 1.9177 0.053753 0.0027936
0.94 46.7 -0.094238 1.9198 0.052454 0.0016224
0.96 46.7 -0.051409 1.9255 0.051289 0.00052616
0.98 46.7 -0.011931 1.9338 0.050228 -0.00049704
1 46.7 0.024665 1.9439 0.049247 -0.0014507
1.02 46.7 0.058747 1.9553 0.048332 -0.0023391
1.04 46.7 0.090614 1.9677 0.047471 -0.0031667
1.06 46.7 0.12051 1.9809 0.046657 -0.003938
1.08 46.7 0.14863 1.9946 0.045884 -0.0046571
1.1 46.7 0.17515 2.0087 0.045147 -0.0053281
1.12 46.7 0.20022 2.0232 0.044443 -0.005955
1.14 46.7 0.22395 2.038 0.043768 -0.0065413
1.16 46.7 0.24646 2.0531 0.043121 -0.0070903
1.18 46.7 0.26785 2.0685 0.042499 -0.0076054
1.2 46.7 0.28822 2.084 0.041901 -0.0080894
