0 19.5 0.9589 0 -0.0014152 0
0.3 19.5 0.82041 0.10452 0.0058914 0.023338
0.32 19.5 0.79475 0.11538 0.0068031 0.024976
0.34 19.5 0.76634 0.12663 0.0078008 0.026651
0.36 19.5 0.73526 0.13909 0.0089013 0.028367
0.38 19.5 0.70107 0.15246 0.010118 0.030132
0.4 19.5 0.66354 0.1672 0.011477 0.031952
0.42 19.5 0.62158 0.18366 0.013009 0.033835
0.44 19.5 0.575 0.20303 0.014761 0.035775
0.46 19.5 0.52316 0.22636 0.016785 0.03776
0.48 19.5 0.46601 0.25535 0.019148 0.039753
0.5 19.5 0.40373 0.29193 0.021917 0.041694
0.52 19.5 0.33728 0.33848 0.025155 0.043478
0.54 19.5 0.26866 0.39739 0.028895 0.044963
0.56 19.5 0.20112 0.47065 0.033116 0.045967
0.58 19.5 0.13913 0.559 0.037715 0.046303
0.6 19.5 0.087657 0.66123 0.0425 0.045817
0.62 19.5 0.051086 0.77394 0.047211 0.044446
0.625 19.5 0.044634 0.80319 0.048345 0.043968
0.63 19.5 0.039309 0.83267 0.049453 0.04344
0.635 19.5 0.035119 0.86232 0.050531 0.042864
0.64 19.5 0.032064 0.89203 0.051576 0.042242
0.645 19.5 0.030131 0.92172 0.052585 0.041578
0.65 19.5 0.029299 0.9513 0.053555 0.040874
0.655 19.5 0.029541 0.98069 0.054484 0.040136
0.66 19.5 0.03082 1.0098 0.05537 0.039365
0.665 19.5 0.033092 1.0386 0.056213 0.038567
0.67 19.5 0.036309 1.067 0.05701 0.037745
0.675 19.5 0.040419 1.095 0.057762 0.036901
0.68 19.5 0.045364 1.1224 0.058467 0.036041
0.7 19.5 0.072321 1.2265 0.06084 0.032501
0.72 19.5 0.10792 1.3204 0.062542 0.028937
0.74 19.5 0.14873 1.4041 0.06367 0.025489
0.76 19.5 0.19206 1.4782 0.064334 0.022239
0.78 19.5 0.23597 1.544 0.064639 0.019228
0.8 19.5 0.27923 1.6027 0.064676 0.016465
0.82 19.5 0.32109 1.6556 0.064515 0.013943
0.84 19.5 0.36116 1.7037 0.064212 0.011646
0.86 19.5 0.39929 1.748 0.063807 0.0095518
0.88 19.5 0.43548 1.7892 0.06333 0.0076402
0.9 19.5 0.46978 1.8279 0.062804 0.0058907
0.92 19.5 0.50231 1.8645 0.062244 0.0042852
0.94 19.5 0.53321 1.8994 0.061662 0.0028075
0.96 19.5 0.56258 1.9328 0.061067 0.0014435
0.98 19.5 0.59057 1.9651 0.060465 0.00018092
1 19.5 0.61729 1.9964 0.05986 -0.00099078
1.02 19.5 0.64285 2.0268 0.059256 -0.0020808
1.04 19.5 0.66734 2.0564 0.058655 -0.0030971
1.06 19.5 0.69086 2.0855 0.05806 -0.0040468
1.08 19.5 0.71347 2.1139 0.057471 -0.0049359
1.1 19.5 0.73525 2.1419 0.056889 -0.0057699
1.12 19.5 0.75626 2.1695 0.056316 -0.0065536
1.14 19.5 0.77656 2.1967 0.055752 -0.0072912
1.16 19.5 0.79621 2.2235 0.055197 -0.0079866
1.18 19.5 0.81525 2.2501 0.05465 -0.0086431
1.2 19.5 0.83372 2.2763 0.054114 -0.0092637
