0 30 0.77877 0 -0.0010062 0
0.3 30 0.69051 0.036924 0.0035016 0.017098
0.32 30 0.67174 0.040524 0.0040061 0.018256
0.34 30 0.65086 0.043561 0.0045394 0.019427
0.36 30 0.62838 0.047241 0.0050998 0.020617
0.38 30 0.60408 0.049952 0.0056847 0.021832
0.4 30 0.57842 0.052587 0.0062921 0.023078
0.42 30 0.54967 0.053658 0.0069186 0.024374
0.44 30 0.51853 0.054318 0.0075681 0.02573
0.46 30 0.48358 0.053355 0.0082361 0.027175
0.48 30 0.44454 0.051224 0.0089334 0.028737
0.5 30 0.39998 0.047001 0.009665 0.030464
0.52 30 0.34819 0.040624 0.010461 0.032419
0.54 30 0.28632 0.031934 0.011376 0.034684
0.55 30 0.25039 0.026922 0.011908 0.035966
0.555 30 0.2309 0.024336 0.0122 0.036651
0.56 30 0.21028 0.021753 0.012515 0.037367
0.565 30 0.18842 0.019228 0.012855 0.038117
0.57 30 0.16521 0.016832 0.013225 0.038903
0.575 30 0.14055 0.014654 0.01363 0.039725
0.58 30 0.11432 0.012802 0.014076 0.040586
0.585 30 0.086382 0.011409 0.01457 0.041486
0.59 30 0.056629 0.010637 0.015118 0.042424
0.5905 30 0.053548 0.010601 0.015176 0.04252
0.591 30 0.050449 0.010573 0.015235 0.042617
0.5915 30 0.04733 0.010554 0.015294 0.042714
0.592 30 0.044191 0.010544 0.015354 0.042811
0.5925 30 0.041032 0.010542 0.015415 0.042908
0.593 30 0.037853 0.010551 0.015476 0.043006
0.5935 30 0.034654 0.010568 0.015538 0.043105
0.594 30 0.031435 0.010595 0.015601 0.043203
0.5945 30 0.028196 0.010632 0.015665 0.043302
0.595 30 0.024936 0.010679 0.015729 0.043402
0.5955 30 0.021656 0.010737 0.015794 0.043502
0.596 30 0.018356 0.010805 0.015859 0.043602
0.5965 30 0.015034 0.010884 0.015926 0.043702
0.597 30 0.011692 0.010975 0.015993 0.043803
0.5975 30 0.0083286 0.011076 0.01606 0.043905
0.598 30 0.0049444 0.01119 0.016129 0.044006
0.5985 30 0.0015391 0.011316 0.016199 0.044108
0.599 30 -0.0018873 0.011453 0.016269 0.044211
0.5995 30 -0.005335 0.011604 0.01634 0.044313
0.6 30 -0.008804 0.011767 0.016411 0.044416
0.6005 30 -0.012294 0.011943 0.016484 0.04452
0.601 30 -0.015807 0.012133 0.016557 0.044624
0.6015 30 -0.01934 0.012336 0.016632 0.044728
0.602 30 -0.022895 0.012554 0.016707 0.044832
0.6025 30 -0.026473 0.012785 0.016783 0.044937
0.603 30 -0.030072 0.013031 0.01686 0.045042
0.6035 30 -0.033692 0.013293 0.016938 0.045147
0.604 30 -0.037335 0.013569 0.017016 0.045253
0.6045 30 -0.041 0.013861 0.017096 0.045359
0.605 30 -0.044687 0.014169 0.017176 0.045465
0.6055 30 -0.048396 0.014494 0.017257 0.045572
0.606 30 -0.052127 0.014834 0.01734 0.045679
0.6065 30 -0.055881 0.015192 0.017423 0.045786
0.607 30 -0.059657 0.015567 0.017507 0.045893
0.6075 30 -0.063455 0.01596 0.017593 0.046001
0.608 30 -0.067275 0.01637 0.017679 0.046109
0.6085 30 -0.071118 0.016799 0.017766 0.046218
0.609 30 -0.074984 0.017247 0.017854 0.046326
0.6095 30 -0.078871 0.017713 0.017943 0.046435
0.61 30 -0.082782 0.018199 0.018033 0.046544
0.615 30 -0.12312 0.024214 0.018995 0.047646
0.62 30 -0.1657 0.032614 0.020071 0.048763
0.625 30 -0.21044 0.043842 0.021275 0.049883
0.63 30 -0.25718 0.058373 0.022617 0.050992
0.635 30 -0.30568 0.076703 0.024107 0.052071
0.64 30 -0.35558 0.099332 0.025751 0.0531
0.645 30 -0.40641 0.12673 0.027555 0.054054
0.65 30 -0.45755 0.15934 0.029517 0.054907
0.66 30 -0.55771 0.24134 0.033887 0.056191
0.67 30 -0.649 0.34623 0.03874 0.056723
0.68 30 -0.72372 0.47181 0.043845 0.056321
0.69 30 -0.77524 0.61251 0.048898 0.054906
0.7 30 -0.7998 0.76024 0.053575 0.052538
0.72 30 -0.77128 1.0429 0.060868 0.045761
0.74 30 -0.6708 1.2712 0.064968 0.038001
0.76 30 -0.54249 1.4349 0.066507 0.030798
0.78 30 -0.41531 1.5468 0.066489 0.024747
0.8 30 -0.30136 1.6239 0.065682 0.019848
0.82 30 -0.20309 1.6795 0.06454 0.015897
0.84 30 -0.11913 1.7222 0.063293 0.01267
0.86 30 -0.047071 1.7573 0.06205 0.009984
0.88 30 0.015439 1.7877 0.060856 0.0077053
0.9 30 0.070342 1.8153 0.059725 0.005737
0.92 30 0.11917 1.8411 0.058659 0.0040105
0.94 30 0.16309 1.8658 0.057654 0.0024768
0.96 30 0.20301 1.8896 0.056704 0.0010999
0.98 30 0.23962 1.9128 0.055802 -0.00014656
1 30 0.27344 1.9356 0.054944 -0.0012826
1.02 30 0.3049 1.9581 0.054125 -0.0023238
1.04 30 0.33431 1.9803 0.05334 -0.0032824
1.06 30 0.36194 2.0023 0.052587 -0.0041683
1.08 30 0.38799 2.024 0.051862 -0.0049898
1.1 30 0.41266 2.0457 0.051164 -0.0057535
1.12 30 0.43607 2.0671 0.050491 -0.0064656
1.14 30 0.45835 2.0885 0.04984 -0.007131
1.16 30 0.47961 2.1098 0.049211 -0.0077542
1.18 30 0.49994 2.1309 0.048602 -0.0083391
1.2 30 0.51943 2.1521 0.048011 -0.008889
