0.3 30.2 0.68867 0.036135 0.0034769 0.017017
0.32 30.2 0.66998 0.039663 0.0039776 0.018168
0.34 30.2 0.64919 0.042628 0.0045068 0.019333
0.36 30.2 0.62681 0.04624 0.0050627 0.020515
0.38 30.2 0.60264 0.048869 0.0056425 0.021723
0.4 30.2 0.57713 0.05143 0.0062441 0.022959
0.42 30.2 0.54855 0.052402 0.0068639 0.024246
0.44 30.2 0.51765 0.052961 0.0075053 0.02559
0.46 30.2 0.48299 0.051865 0.0081632 0.027022
0.48 30.2 0.44431 0.049566 0.0088475 0.02857
0.5 30.2 0.40023 0.045097 0.0095614 0.030278
0.52 30.2 0.34905 0.038349 0.010333 0.032213
0.54 30.2 0.28796 0.029064 0.011213 0.034456
0.55 30.2 0.25248 0.023624 0.011721 0.035727
0.555 30.2 0.23323 0.02078 0.012 0.036407
0.56 30.2 0.21285 0.017904 0.012299 0.037118
0.565 30.2 0.19125 0.015048 0.012623 0.037864
0.57 30.2 0.1683 0.012276 0.012976 0.038646
0.575 30.2 0.1439 0.0096725 0.013362 0.039466
0.58 30.2 0.11791 0.0073394 0.013786 0.040325
0.585 30.2 0.090217 0.0054047 0.014257 0.041224
0.59 30.2 0.060683 0.0040242 0.01478 0.042165
0.5905 30.2 0.057624 0.0039236 0.014835 0.042261
0.591 30.2 0.054544 0.0038306 0.014892 0.042358
0.5915 30.2 0.051445 0.0037454 0.014948 0.042455
0.592 30.2 0.048326 0.0036682 0.015006 0.042552
0.5925 30.2 0.045186 0.0035993 0.015064 0.04265
0.593 30.2 0.042026 0.0035389 0.015123 0.042749
0.5935 30.2 0.038846 0.0034871 0.015182 0.042847
0.594 30.2 0.035645 0.0034443 0.015242 0.042946
0.5945 30.2 0.032423 0.0034106 0.015303 0.043046
0.595 30.2 0.029181 0.0033864 0.015364 0.043146
0.5955 30.2 0.025918 0.0033718 0.015426 0.043246
0.596 30.2 0.022633 0.0033671 0.015489 0.043347
0.5965 30.2 0.019328 0.0033725 0.015553 0.043448
0.597 30.2 0.016001 0.0033884 0.015617 0.04355
0.5975 30.2 0.012653 0.0034149 0.015682 0.043652
0.598 30.2 0.0092835 0.0034523 0.015748 0.043754
0.5985 30.2 0.0058924 0.0035009 0.015814 0.043857
0.599 30.2 0.0024796 0.003561 0.015882 0.04396
0.5995 30.2 -0.00095504 0.0036328 0.01595 0.044063
0.6 30.2 -0.0044116 0.0037166 0.016019 0.044167
0.6005 30.2 -0.0078901 0.0038128 0.016088 0.044272
0.601 30.2 -0.011391 0.0039215 0.016159 0.044376
0.6015 30.2 -0.014914 0.0040432 0.01623 0.044481
0.602 30.2 -0.018459 0.004178 0.016302 0.044587
0.6025 30.2 -0.022026 0.0043263 0.016375 0.044692
0.603 30.2 -0.025616 0.0044885 0.016449 0.044798
0.6035 30.2 -0.029229 0.0046647 0.016524 0.044905
0.604 30.2 -0.032864 0.0048554 0.016599 0.045012
0.6045 30.2 -0.036522 0.0050609 0.016676 0.045119
0.605 30.2 -0.040203 0.0052815 0.016753 0.045226
0.6055 30.2 -0.043906 0.0055174 0.016831 0.045334
0.606 30.2 -0.047633 0.0057691 0.016911 0.045442
0.6065 30.2 -0.051383 0.006037 0.016991 0.045551
0.607 30.2 -0.055155 0.0063212 0.017072 0.045659
0.6075 30.2 -0.058951 0.0066223 0.017154 0.045769
0.608 30.2 -0.06277 0.0069405 0.017237 0.045878
0.6085 30.2 -0.066613 0.0072762 0.017321 0.045988
0.609 30.2 -0.070478 0.0076298 0.017406 0.046098
0.6095 30.2 -0.074367 0.0080016 0.017492 0.046208
0.61 30.2 -0.07828 0.0083921 0.017579 0.046319
0.615 30.2 -0.1187 0.013407 0.018508 0.047439
0.62 30.2 -0.16146 0.020733 0.019552 0.048579
0.625 30.2 -0.20653 0.030821 0.020724 0.049728
0.63 30.2 -0.25377 0.044165 0.022035 0.050872
0.635 30.2 -0.30295 0.061283 0.023496 0.051992
0.64 30.2 -0.35374 0.082708 0.025116 0.053069
0.645 30.2 -0.40569 0.10896 0.026901 0.054077
0.65 30.2 -0.45817 0.1405 0.028851 0.054989
0.66 30.2 -0.5617 0.22089 0.033226 0.056403
0.68 30.2 -0.73604 0.45158 0.043326 0.056779
0.7 30.2 -0.8189 0.74549 0.053325 0.053103
0.72 30.2 -0.79231 1.0358 0.060864 0.046253
0.74 30.2 -0.68971 1.2702 0.065089 0.038336
0.76 30.2 -0.55791 1.437 0.066651 0.030989
0.78 30.2 -0.42755 1.55 0.066606 0.02484
0.8 30.2 -0.31119 1.6272 0.065759 0.019885
0.82 30.2 -0.21127 1.6824 0.064578 0.015903
0.84 30.2 -0.12618 1.7246 0.063301 0.012661
0.86 30.2 -0.053349 1.7592 0.062034 0.009969
0.88 30.2 0.0096927 1.7892 0.060822 0.0076884
0.9 30.2 0.064973 1.8164 0.059678 0.0057204
0.92 30.2 0.11407 1.8418 0.058602 0.0039954
0.94 30.2 0.15821 1.8662 0.057589 0.0024636
0.96 30.2 0.19828 1.8898 0.056633 0.0010888
0.98 30.2 0.23502 1.9128 0.055726 -0.00015563
1 30.2 0.26894 1.9354 0.054864 -0.0012897
1.02 30.2 0.30048 1.9577 0.054042 -0.002329
1.04 30.2 0.32995 1.9798 0.053255 -0.0032858
1.06 30.2 0.35764 2.0016 0.052499 -0.00417
1.08 30.2 0.38375 2.0233 0.051773 -0.0049899
1.1 30.2 0.40845 2.0448 0.051074 -0.0057521
1.12 30.2 0.43189 2.0661 0.050399 -0.0064628
1.14 30.2 0.45421 2.0874 0.049748 -0.0071268
1.16 30.2 0.47549 2.1086 0.049118 -0.0077487
1.18 30.2 0.49584 2.1297 0.048508 -0.0083323
1.2 30.2 0.51535 2.1507 0.047917 -0.008881
