-10 0.0223846 -1.87481 1.00002 2.57401e-09
-9.94 0.0223842 -1.86878 1.01121 0.000134299
-9.88 0.0223829 -1.86268 1.02237 0.000268591
-9.82 0.0223809 -1.85651 1.03353 0.000402878
-9.76 0.0223781 -1.85028 1.04467 0.00053716
-9.7 0.0223745 -1.84398 1.0558 0.000671438
-9.64 0.0223701 -1.83761 1.06685 0.000805674
-9.58 0.0223648 -1.83117 1.07782 0.000939849
-9.52 0.0223588 -1.82467 1.08876 0.001074
-9.46 0.0223519 -1.81811 1.09968 0.00120813
-9.4 0.0223443 -1.81148 1.11059 0.00134223
-9.34 0.0223358 -1.80478 1.12147 0.00147631
-9.28 0.0223266 -1.79802 1.13223 0.00161022
-9.22 0.0223165 -1.79119 1.14298 0.00174411
-9.16 0.0223056 -1.7843 1.15372 0.00187801
-9.1 0.022294 -1.77735 1.16445 0.00201189
-9.04 0.0222815 -1.77033 1.17517 0.00214577
-8.98 0.0222682 -1.76325 1.18579 0.00227945
-8.92 0.0222541 -1.7561 1.19625 0.00241281
-8.86 0.0222393 -1.74889 1.20672 0.0025462
-8.8 0.0222236 -1.74162 1.2172 0.00267961
-8.74 0.0222071 -1.73428 1.22769 0.00281305
-8.68 0.0221898 -1.72689 1.23818 0.0029465
-8.62 0.0221717 -1.71943 1.24843 0.00307936
-8.56 0.0221529 -1.71191 1.25865 0.00321215
-8.5 0.0221332 -1.70432 1.26888 0.00334495
-8.44 0.0221127 -1.69668 1.27912 0.00347778
-8.38 0.0220915 -1.68897 1.28936 0.00361064
-8.32 0.0220694 -1.68121 1.29951 0.00374324
-8.26 0.0220466 -1.67338 1.30947 0.00387527
-8.2 0.0220229 -1.66549 1.31943 0.00400732
-8.14 0.0219985 -1.65755 1.32941 0.00413941
-8.08 0.0219732 -1.64954 1.33939 0.00427152
-8.02 0.0219472 -1.64147 1.34938 0.00440366
-7.96 0.0219204 -1.63335 1.35913 0.00453501
-7.9 0.0218928 -1.62517 1.36882 0.00466615
-7.84 0.0218644 -1.61692 1.37852 0.00479733
-7.78 0.0218352 -1.60862 1.38822 0.00492855
-7.72 0.0218053 -1.60026 1.39794 0.00505979
-7.66 0.0217745 -1.59185 1.40758 0.00519079
-7.6 0.021743 -1.58337 1.417 0.00532091
-7.54 0.0217107 -1.57484 1.42641 0.00545102
-7.48 0.0216776 -1.56626 1.43582 0.00558114
-7.42 0.0216437 -1.55761 1.44523 0.00571126
-7.36 0.021609 -1.54892 1.45464 0.00584137
-7.3 0.0215736 -1.54016 1.46386 0.00597073
-7.24 0.0215374 -1.53135 1.47301 0.00609977
-7.18 0.0215004 -1.52248 1.48215 0.00622882
-7.12 0.0214626 -1.51356 1.49129 0.00635787
-7.06 0.0214241 -1.50459 1.50044 0.00648692
-7 0.0213848 -1.49556 1.50952 0.00661572
-6.94 0.0213447 -1.48647 1.51834 0.00674332
-6.88 0.0213039 -1.47734 1.52716 0.00687095
-6.82 0.0212623 -1.46815 1.53599 0.00699863
-6.76 0.0212199 -1.45891 1.54483 0.00712635
-6.7 0.0211767 -1.44961 1.55368 0.0072541
-6.64 0.0211328 -1.44026 1.5623 0.00738082
-6.58 0.0210882 -1.43086 1.57081 0.00750697
-6.52 0.0210427 -1.42141 1.57933 0.00763319
-6.46 0.0209966 -1.41191 1.58787 0.0077595
-6.4 0.0209496 -1.40236 1.59642 0.00788588
-6.34 0.0209019 -1.39275 1.60494 0.00801214
-6.28 0.0208535 -1.3831 1.61311 0.0081366
-6.22 0.0208043 -1.3734 1.62128 0.00826107
-6.16 0.0207544 -1.36365 1.62946 0.00838555
-6.1 0.0207037 -1.35384 1.63763 0.00851005
-6.04 0.0206522 -1.34399 1.64581 0.00863455
-5.98 0.0206001 -1.33409 1.65384 0.00875825
-5.92 0.0205471 -1.32415 1.66174 0.0088813
-5.86 0.0204935 -1.31415 1.66963 0.00900433
-5.8 0.0204391 -1.30411 1.67753 0.00912736
-5.74 0.020384 -1.29402 1.68542 0.00925038
-5.68 0.0203281 -1.28389 1.6933 0.00937334
-5.62 0.0202715 -1.2737 1.7008 0.00949414
-5.56 0.0202142 -1.26348 1.70831 0.00961504
-5.5 0.0201561 -1.2532 1.71584 0.00973603
-5.44 0.0200973 -1.24289 1.72338 0.00985711
-5.38 0.0200378 -1.23252 1.73094 0.00997829
-5.32 0.0199776 -1.22212 1.73832 0.0100984
-5.26 0.0199166 -1.21167 1.74549 0.0102173
-5.2 0.019855 -1.20117 1.75267 0.0103363
-5.14 0.0197926 -1.19063 1.75986 0.0104553
-5.08 0.0197295 -1.18005 1.76706 0.0105744
-5.02 0.0196657 -1.16943 1.77427 0.0106936
-4.96 0.0196012 -1.15876 1.78111 0.0108105
-4.9 0.019536 -1.14806 1.78793 0.0109273
-4.84 0.0194701 -1.13731 1.79476 0.0110441
-4.78 0.0194035 -1.12652 1.8016 0.0111611
-4.72 0.0193361 -1.11569 1.80846 0.0112781
-4.66 0.0192681 -1.10482 1.81515 0.0113941
-4.6 0.0191994 -1.09391 1.8216 0.0115086
-4.54 0.01913 -1.08296 1.82807 0.0116232
-4.48 0.0190599 -1.07197 1.83454 0.0117378
-4.42 0.0189892 -1.06094 1.84103 0.0118526
-4.36 0.0189177 -1.04988 1.84753 0.0119674
-4.3 0.0188456 -1.03877 1.85366 0.0120798
-4.24 0.0187728 -1.02763 1.85976 0.0121919
-4.18 0.0186993 -1.01646 1.86586 0.0123041
-4.12 0.0186251 -1.00524 1.87197 0.0124164
-4.06 0.0185503 -0.993994 1.87809 0.0125288
-4 0.0184748 -0.982708 1.88408 0.0126402
-3.94 0.0183986 -0.971386 1.88978 0.0127498
-3.88 0.0183218 -0.96003 1.89551 0.0128595
-3.82 0.0182443 -0.94864 1.90125 0.0129693
-3.76 0.0181661 -0.937215 1.90701 0.0130793
-3.7 0.0180873 -0.925757 1.91279 0.0131893
-3.64 0.0180079 -0.914264 1.9182 0.0132968
-3.58 0.0179278 -0.902738 1.92351 0.0134037
-3.52 0.017847 -0.891181 1.92883 0.0135105
-3.46 0.0177657 -0.879593 1.93415 0.0136174
-3.4 0.0176836 -0.867972 1.93947 0.0137243
-3.34 0.017601 -0.856319 1.94472 0.0138307
-3.28 0.0175177 -0.844636 1.94974 0.0139355
-3.22 0.0174337 -0.832923 1.95472 0.01404
-3.16 0.0173492 -0.82118 1.95967 0.0141442
-3.1 0.017264 -0.809406 1.96459 0.0142483
-3.04 0.0171782 -0.797603 1.96947 0.0143521
-2.98 0.0170918 -0.785772 1.97415 0.0144543
-2.92 0.0170047 -0.773913 1.97876 0.0145561
-2.86 0.0169171 -0.762027 1.98336 0.0146578
-2.8 0.0168289 -0.750113 1.98797 0.0147595
-2.74 0.01674 -0.738171 1.99257 0.0148613
-2.68 0.0166505 -0.726202 1.99707 0.0149622
-2.62 0.0165604 -0.714207 2.00118 0.0150603
-2.56 0.0164698 -0.702187 2.00531 0.0151584
-2.5 0.0163785 -0.690143 2.00947 0.0152568
-2.44 0.0162867 -0.678074 2.01364 0.0153553
-2.38 0.0161943 -0.66598 2.01783 0.015454
-2.32 0.0161013 -0.653862 2.02173 0.0155503
-2.26 0.0160077 -0.64172 2.02544 0.0156452
-2.2 0.0159135 -0.629557 2.02911 0.0157398
-2.14 0.0158188 -0.617371 2.03276 0.0158341
-2.08 0.0157235 -0.605163 2.03637 0.0159282
-2.02 0.0156277 -0.592933 2.03992 0.0160217
-1.96 0.0155312 -0.580682 2.04323 0.0161134
-1.9 0.0154343 -0.568412 2.04652 0.0162049
-1.84 0.0153368 -0.556123 2.04979 0.0162962
-1.78 0.0152387 -0.543815 2.05304 0.0163875
-1.72 0.0151401 -0.531488 2.05628 0.0164785
-1.66 0.015041 -0.519142 2.05889 0.0165642
-1.6 0.0149414 -0.506781 2.06116 0.0166469
-1.54 0.0148412 -0.494406 2.06354 0.0167306
-1.48 0.0147406 -0.482018 2.06605 0.0168155
-1.42 0.0146395 -0.469616 2.06867 0.0169014
-1.36 0.0145378 -0.4572 2.07129 0.0169873
-1.3 0.0144357 -0.444772 2.07124 0.0170492
-1.24 0.0143332 -0.432345 2.0712 0.0171111
-1.18 0.0142304 -0.419918 2.07115 0.0171731
-1.12 0.0141272 -0.407491 2.0711 0.017235
-1.06 0.0140236 -0.395065 2.07105 0.0172969
-1 0.0139196 -0.382643 2.07036 0.0173531
-0.94 0.0138156 -0.370247 2.06678 0.0173831
-0.88 0.0137114 -0.357878 2.06022 0.0173857
-0.82 0.0136071 -0.345536 2.05068 0.017361
-0.76 0.0135026 -0.333222 2.03815 0.017309
-0.7 0.013398 -0.320935 2.02264 0.0172297
-0.64 0.0132936 -0.308705 2.01219 0.017197
-0.58 0.01319 -0.296607 1.99952 0.017144
-0.52 0.0130872 -0.284641 1.98439 0.0170686
-0.46 0.0129853 -0.272809 1.9668 0.0169707
-0.4 0.0128842 -0.261109 1.94676 0.0168503
-0.34 0.0127839 -0.249537 1.91355 0.0166091
-0.28 0.0126855 -0.238208 1.86459 0.0162229
-0.22 0.0125894 -0.227178 1.8142 0.0158231
-0.16 0.0124957 -0.216445 1.76238 0.0154096
-0.1 0.0124043 -0.20601 1.70912 0.0149824
-0.04 0.0123153 -0.195872 1.65444 0.0145417
0.02 0.0122296 -0.18614 1.58469 0.0139614
0.08 0.0121476 -0.176833 1.51482 0.0133785
0.14 0.012069 -0.167946 1.44658 0.0128092
0.2 0.0119939 -0.159478 1.37995 0.0122534
0.26 0.0119223 -0.151429 1.31494 0.0117111
0.32 0.0118544 -0.143829 1.24497 0.0111225
0.38 0.0117905 -0.13669 1.16607 0.0104512
0.44 0.0117301 -0.129957 1.09056 0.00980906
0.5 0.0116731 -0.12363 1.01844 0.00919609
0.56 0.0116195 -0.117709 0.94971 0.0086123
0.62 0.0115694 -0.112194 0.884364 0.00805767
0.68 0.0115224 -0.107051 0.831684 0.00761343
0.74 0.011478 -0.102212 0.781309 0.00718933
0.8 0.0114361 -0.097675 0.730934 0.00676524
0.86 0.0113968 -0.0934405 0.680559 0.00634114
0.92 0.01136 -0.0895083 0.630184 0.00591705
0.98 0.0113257 -0.0858704 0.584804 0.00553682
1.04 0.0112932 -0.0824454 0.552566 0.00527209
1.1 0.0112623 -0.0792147 0.521326 0.00501621
1.16 0.0112329 -0.0761785 0.491083 0.00476921
1.22 0.0112052 -0.0733366 0.461838 0.00453107
1.28 0.011179 -0.0706891 0.43359 0.00430179
1.34 0.0111542 -0.0682086 0.407725 0.00409353
1.4 0.0111304 -0.065854 0.383616 0.00390077
1.46 0.0111076 -0.0636258 0.360841 0.0037198
1.52 0.0110857 -0.0615241 0.339399 0.00355063
1.58 0.0110649 -0.0595489 0.319291 0.00339326
1.64 0.0110451 -0.0576962 0.301496 0.00325636
1.7 0.0110258 -0.0559281 0.28787 0.00315636
1.76 0.0110072 -0.0542417 0.274245 0.00305636
1.82 0.0109891 -0.0526371 0.260619 0.00295636
1.88 0.0109717 -0.0511143 0.246994 0.00285636
1.94 0.0109549 -0.0496732 0.233368 0.00275636
2 0.0109386 -0.0483146 0.222198 0.00267807
2.06 0.0109228 -0.0470156 0.212393 0.00261188
2.12 0.0109073 -0.0457715 0.202809 0.00254764
2.18 0.0108922 -0.0445822 0.193446 0.00248537
2.24 0.0108775 -0.0434479 0.184303 0.00242505
2.3 0.0108631 -0.042368 0.175708 0.0023696
2.36 0.010849 -0.0413317 0.169253 0.00233303
2.42 0.0108351 -0.0403348 0.162793 0.00229643
2.48 0.0108214 -0.0393774 0.15633 0.0022598
2.54 0.010808 -0.0384594 0.149863 0.00222313
2.6 0.0107948 -0.0375808 0.143393 0.00218644
2.66 0.0107818 -0.0367386 0.137959 0.00215888
2.72 0.0107689 -0.0359251 0.133212 0.00213739
2.78 0.0107561 -0.03514 0.128466 0.0021159
2.84 0.0107435 -0.0343835 0.123719 0.00209441
2.9 0.010731 -0.0336554 0.118973 0.00207292
2.96 0.0107186 -0.0329557 0.11431 0.00205217
3.02 0.0107063 -0.0322793 0.110851 0.00204198
3.08 0.0106941 -0.0316242 0.107385 0.00203174
3.14 0.0106819 -0.0309902 0.103911 0.00202142
3.2 0.0106698 -0.0303775 0.10043 0.00201105
3.26 0.0106578 -0.0297859 0.0969417 0.0020006
3.32 0.0106458 -0.0292144 0.0938737 0.00199382
3.38 0.0106339 -0.0286592 0.0911865 0.00199037
3.44 0.0106219 -0.0281202 0.0884994 0.00198692
3.5 0.01061 -0.0275972 0.0858122 0.00198346
3.56 0.0105981 -0.0270904 0.083125 0.00198001
3.62 0.0105863 -0.0265997 0.0804378 0.00197655
3.68 0.0105744 -0.0261229 0.0783401 0.00197818
3.74 0.0105625 -0.0256586 0.0762851 0.00198018
3.8 0.0105506 -0.0252069 0.0742678 0.00198252
3.86 0.0105387 -0.0247676 0.072288 0.00198519
3.92 0.0105268 -0.0243409 0.0703459 0.0019882
3.98 0.0105149 -0.0239264 0.0684586 0.00199163
4.04 0.0105029 -0.0235219 0.0666586 0.00199574
4.1 0.010491 -0.0231274 0.0649362 0.00200055
4.16 0.0104789 -0.0227427 0.0632912 0.00200604
4.22 0.0104669 -0.022368 0.0617238 0.00201221
4.28 0.0104548 -0.0220032 0.0602339 0.00201908
4.34 0.0104427 -0.0216473 0.0587661 0.00202598
4.4 0.0104305 -0.0212994 0.0573519 0.00203335
4.46 0.0104183 -0.0209594 0.0559952 0.00204122
4.52 0.010406 -0.0206275 0.0546962 0.00204961
4.58 0.0103937 -0.0203034 0.0534548 0.00205851
4.64 0.0103813 -0.0199872 0.0522588 0.00206774
4.7 0.0103689 -0.0196777 0.0510903 0.00207709
4.76 0.0103564 -0.0193747 0.0499645 0.00208683
4.82 0.0103438 -0.0190782 0.0488815 0.00209695
4.88 0.0103312 -0.0187882 0.0478412 0.00210744
4.94 0.0103186 -0.0185047 0.0468436 0.00211832
5 0.0103058 -0.0182272 0.0458763 0.0021293
5.06 0.010293 -0.0179551 0.0449287 0.00214041
5.12 0.0102801 -0.0176884 0.0440012 0.00215171
5.18 0.0102672 -0.0174271 0.0430939 0.00216318
5.24 0.0102542 -0.0171712 0.0422067 0.00217483
5.3 0.0102411 -0.0169205 0.0413729 0.00218689
5.36 0.0102279 -0.0166745 0.0406217 0.00219955
5.42 0.0102147 -0.0164331 0.0398719 0.00221221
5.48 0.0102014 -0.0161961 0.0391234 0.00222489
5.54 0.010188 -0.0159636 0.0383762 0.00223757
5.6 0.0101745 -0.0157356 0.0376304 0.00225025
5.66 0.010161 -0.0155119 0.0369713 0.00226355
5.72 0.0101474 -0.0152919 0.0363379 0.00227702
5.78 0.0101337 -0.0150758 0.0357044 0.00229049
5.84 0.0101199 -0.0148635 0.0350709 0.00230396
5.9 0.010106 -0.014655 0.0344374 0.00231744
5.96 0.0100921 -0.0144502 0.0338242 0.00233103
6.02 0.0100781 -0.0142488 0.0332818 0.00234506
6.08 0.0100639 -0.0140507 0.0327467 0.00235915
6.14 0.0100497 -0.0138558 0.0322188 0.00237331
6.2 0.0100355 -0.0136642 0.0316981 0.00238754
6.26 0.0100211 -0.0134757 0.0311847 0.00240183
6.32 0.0100066 -0.0132904 0.0306815 0.00241604
6.38 0.00999211 -0.013108 0.0301929 0.00243031
6.44 0.00997748 -0.0129282 0.0297189 0.0024447
6.5 0.00996277 -0.0127513 0.0292593 0.00245921
6.56 0.00994797 -0.0125772 0.0288142 0.00247386
6.62 0.00993309 -0.0124059 0.0283828 0.00248858
6.68 0.00991811 -0.012237 0.0279572 0.00250314
6.74 0.00990305 -0.0120706 0.027538 0.00251776
6.8 0.0098879 -0.0119067 0.0271252 0.00253243
6.86 0.00987266 -0.0117451 0.0267188 0.00254716
6.92 0.00985733 -0.011586 0.0263188 0.00256196
6.98 0.00984192 -0.0114292 0.025951 0.00257685
7.04 0.00982641 -0.0112745 0.0256 0.00259179
7.1 0.00981082 -0.0111219 0.0252489 0.00260673
7.16 0.00979513 -0.0109715 0.0248979 0.00262166
7.22 0.00977936 -0.0108232 0.0245467 0.00263659
7.28 0.00976349 -0.010677 0.0241991 0.00265153
7.34 0.00974754 -0.0105327 0.023889 0.00266656
7.4 0.00973149 -0.0103903 0.0235789 0.00268159
7.46 0.00971536 -0.0102498 0.0232688 0.00269661
7.52 0.00969913 -0.0101111 0.0229587 0.00271164
7.58 0.00968282 -0.00997426 0.0226486 0.00272667
7.64 0.00966641 -0.00983926 0.0223587 0.0027417
7.7 0.00964992 -0.00970592 0.0220852 0.00275674
7.76 0.00963333 -0.00957422 0.0218118 0.00277177
7.82 0.00961666 -0.00944417 0.0215383 0.00278681
7.88 0.00959989 -0.00931577 0.0212649 0.00280184
7.94 0.00958304 -0.00918901 0.0209918 0.00281687
8 0.00956609 -0.00906379 0.0207477 0.00283188
8.06 0.00954905 -0.00894004 0.0205035 0.00284688
8.12 0.00953193 -0.00881775 0.0202593 0.00286188
8.18 0.00951471 -0.00869693 0.0200151 0.00287689
8.24 0.0094974 -0.00857757 0.0197709 0.00289189
8.3 0.00948001 -0.00845966 0.0195391 0.00290684
8.36 0.00946252 -0.00834307 0.0193207 0.00292173
8.42 0.00944495 -0.0082278 0.0191023 0.00293663
8.48 0.00942728 -0.00811384 0.0188839 0.00295152
8.54 0.00940953 -0.0080012 0.0186654 0.00296642
8.6 0.00939169 -0.00788987 0.0184469 0.00298132
8.66 0.00937375 -0.00777978 0.0182488 0.00299609
8.72 0.00935573 -0.00767088 0.018052 0.00301086
8.78 0.00933762 -0.00756316 0.0178552 0.00302562
8.84 0.00931943 -0.00745662 0.0176584 0.00304038
8.9 0.00930114 -0.00735126 0.0174616 0.00305515
8.96 0.00928276 -0.00724707 0.0172725 0.00306984
9.02 0.0092643 -0.00714396 0.0170947 0.00308442
9.08 0.00924575 -0.00704193 0.0169169 0.00309901
9.14 0.00922711 -0.00694096 0.0167389 0.0031136
9.2 0.00920839 -0.00684106 0.0165608 0.00312819
9.26 0.00918957 -0.00674223 0.0163825 0.00314278
9.32 0.00917067 -0.00664443 0.0162188 0.00315718
9.38 0.00915169 -0.0065476 0.0160571 0.00317155
9.44 0.00913262 -0.00645174 0.0158954 0.00318593
9.5 0.00911346 -0.00635685 0.0157335 0.00320031
9.56 0.00909421 -0.00626294 0.0155715 0.00321469
9.62 0.00907488 -0.00616999 0.0154133 0.00322898
9.68 0.00905546 -0.00607794 0.0152647 0.0032431
9.74 0.00903596 -0.00598678 0.0151181 0.00325725
9.8 0.00901638 -0.00589651 0.0149737 0.00327143
9.86 0.00899671 -0.00580713 0.0148314 0.00328564
9.92 0.00897695 -0.00571863 0.0146911 0.00329988
9.98 0.00895711 -0.00563099 0.0145483 0.00331374
10.04 0.00893719 -0.00554417 0.0144065 0.00332754
10.1 0.00891718 -0.00545816 0.0142669 0.00334136
10.16 0.00889709 -0.00537297 0.0141296 0.00335521
10.22 0.00887692 -0.00528858 0.0139944 0.0033691
10.28 0.00885666 -0.00520501 0.0138634 0.00338293
10.34 0.00883632 -0.00512221 0.0137386 0.00339651
10.4 0.0088159 -0.00504015 0.0136139 0.0034101
10.46 0.0087954 -0.00495884 0.0134892 0.00342369
10.52 0.00877482 -0.00487828 0.0133646 0.00343728
10.58 0.00875416 -0.00479846 0.0132399 0.00345088
10.64 0.00873341 -0.00471939 0.0131209 0.00346423
10.7 0.00871258 -0.004641 0.0130053 0.00347751
10.76 0.00869168 -0.00456331 0.0128911 0.00349081
10.82 0.00867069 -0.00448631 0.0127784 0.00350413
10.88 0.00864963 -0.00441 0.0126672 0.00351747
10.94 0.00862849 -0.00433438 0.0125564 0.00353074
11 0.00860726 -0.00425942 0.0124436 0.00354362
11.06 0.00858596 -0.0041851 0.0123334 0.00355653
11.12 0.00856459 -0.00411142 0.012226 0.00356949
11.18 0.00854313 -0.00403839 0.0121212 0.00358248
11.24 0.0085216 -0.003966 0.0120193 0.00359552
11.3 0.00849999 -0.00389424 0.0119155 0.00360823
11.36 0.0084783 -0.00382308 0.0118117 0.00362079
11.42 0.00845654 -0.00375252 0.0117104 0.00363338
11.48 0.0084347 -0.00368256 0.0116114 0.00364601
11.54 0.00841278 -0.00361319 0.0115149 0.00365867
11.6 0.00839079 -0.00354442 0.0114203 0.00367131
11.66 0.00836873 -0.00347623 0.0113232 0.00368351
11.72 0.00834659 -0.0034086 0.0112272 0.00369572
11.78 0.00832438 -0.00334152 0.0111324 0.00370796
11.84 0.0083021 -0.003275 0.0110387 0.00372022
11.9 0.00827974 -0.00320904 0.0109463 0.00373249
11.96 0.00825731 -0.00314364 0.0108571 0.00374455
12.02 0.00823481 -0.00307876 0.0107699 0.00375644
12.08 0.00821223 -0.0030144 0.0106826 0.00376832
12.14 0.00818959 -0.00295056 0.0105954 0.00378021
12.2 0.00816687 -0.00288725 0.0105081 0.0037921
12.26 0.00814408 -0.00282447 0.010421 0.00380397
12.32 0.00812122 -0.00276219 0.0103382 0.00381546
12.38 0.00809829 -0.0027004 0.0102563 0.00382697
12.44 0.0080753 -0.0026391 0.0101752 0.0038385
12.5 0.00805223 -0.0025783 0.010095 0.00385004
12.56 0.0080291 -0.00251799 0.0100157 0.00386159
12.62 0.00800589 -0.00245817 0.00993597 0.0038729
12.68 0.00798262 -0.00239881 0.00985588 0.00388395
12.74 0.00795929 -0.00233992 0.00977666 0.00389503
12.8 0.00793588 -0.0022815 0.00969831 0.00390612
12.86 0.00791241 -0.00222354 0.00962084 0.00391723
12.92 0.00788888 -0.00216604 0.00954425 0.00392836
12.98 0.00786527 -0.00210899 0.00947094 0.00393908
13.04 0.00784161 -0.00205239 0.00939776 0.00394978
13.1 0.00781788 -0.00199622 0.00932457 0.00396048
13.16 0.00779408 -0.00194049 0.00925138 0.00397118
13.22 0.00777022 -0.0018852 0.0091782 0.00398188
13.28 0.0077463 -0.00183035 0.00910661 0.0039924
13.34 0.00772231 -0.00177592 0.0090372 0.00400269
13.4 0.00769827 -0.0017219 0.00896781 0.00401297
13.46 0.00767416 -0.00166831 0.00889844 0.00402327
13.52 0.00764999 -0.00161512 0.00882907 0.00403357
13.58 0.00762576 -0.00156236 0.00875973 0.00404387
13.64 0.00760146 -0.00151 0.00869293 0.00405376
13.7 0.00757711 -0.00145804 0.00862695 0.00406361
13.76 0.0075527 -0.00140647 0.0085615 0.00407347
13.82 0.00752823 -0.0013553 0.00849657 0.00408335
13.88 0.0075037 -0.00130453 0.00843218 0.00409324
13.94 0.00747911 -0.00125415 0.00836787 0.00410297
14 0.00745447 -0.00120415 0.00830326 0.00411235
14.06 0.00742976 -0.00115453 0.00823919 0.00412175
14.12 0.00740501 -0.00110528 0.00817565 0.00413115
14.18 0.00738019 -0.00105641 0.00811263 0.00414056
14.24 0.00735532 -0.00100792 0.00805015 0.00414997
14.3 0.00733039 -0.000959805 0.00798965 0.00415906
14.36 0.00730541 -0.000912048 0.00792955 0.00416806
14.42 0.00728037 -0.000864651 0.00786945 0.00417705
14.48 0.00725528 -0.000817614 0.00780935 0.00418603
14.54 0.00723014 -0.000770939 0.00774926 0.00419499
14.6 0.00720494 -0.000724623 0.0076899 0.00420384
14.66 0.0071797 -0.000678656 0.00763247 0.00421239
14.72 0.0071544 -0.000633033 0.00757504 0.00422093
14.78 0.00712904 -0.000587755 0.0075176 0.00422946
14.84 0.00710364 -0.000542822 0.00746017 0.00423797
14.9 0.00707819 -0.000498233 0.00740274 0.00424646
14.96 0.00705268 -0.000453985 0.00734698 0.00425468
15.02 0.00702713 -0.000410068 0.00729181 0.00426279
15.08 0.00700153 -0.000366483 0.00723661 0.00427088
15.14 0.00697588 -0.000323229 0.0071814 0.00427895
15.2 0.00695018 -0.000280306 0.00712617 0.004287
15.26 0.00692444 -0.000237715 0.00707137 0.00429496
15.32 0.00689864 -0.000195445 0.00701833 0.00430261
15.38 0.00687281 -0.000153495 0.00696529 0.00431024
15.44 0.00684692 -0.000111862 0.00691225 0.00431786
15.5 0.00682099 -7.05475e-05 0.00685921 0.00432546
15.56 0.00679502 -2.95514e-05 0.00680617 0.00433305
15.62 0.00676899 1.11292e-05 0.00675447 0.00434036
15.68 0.00674293 5.15029e-05 0.00670344 0.00434752
15.74 0.00671682 9.15705e-05 0.00665241 0.00435466
15.8 0.00669067 0.000131332 0.00660138 0.0043618
15.86 0.00666448 0.000170787 0.00655034 0.00436891
15.92 0.00663825 0.000209936 0.00649955 0.00437597
15.98 0.00661197 0.000248786 0.00645035 0.00438272
16.04 0.00658565 0.00028734 0.00640115 0.00438944
16.1 0.0065593 0.000325599 0.00635196 0.00439615
16.16 0.0065329 0.000363564 0.00630277 0.00440283
16.22 0.00650646 0.000401233 0.00625359 0.00440949
16.28 0.00647999 0.000438609 0.00620533 0.00441586
16.34 0.00645347 0.000475699 0.00615768 0.00442202
16.4 0.00642692 0.000512502 0.00611001 0.00442819
16.46 0.00640034 0.000549019 0.00606232 0.00443435
16.52 0.00637371 0.000585249 0.0060146 0.00444051
16.58 0.00634705 0.000621194 0.00596694 0.00444665
16.64 0.00632035 0.000656858 0.00592079 0.00445241
16.7 0.00629362 0.000692246 0.00587488 0.00445818
16.76 0.00626685 0.000727359 0.0058292 0.00446395
16.82 0.00624005 0.000762195 0.00578376 0.00446973
16.88 0.00621322 0.000796756 0.00573855 0.00447552
16.94 0.00618635 0.000831042 0.00569321 0.00448099
17 0.00615945 0.000865058 0.00564779 0.00448616
17.06 0.00613251 0.000898807 0.00560263 0.00449134
17.12 0.00610555 0.000932289 0.00555773 0.00449654
17.18 0.00607856 0.000965503 0.0055131 0.00450174
17.24 0.00605153 0.000998449 0.00546872 0.00450695
17.3 0.00602447 0.00103113 0.00542524 0.00451176
17.36 0.00599739 0.00106355 0.0053819 0.00451653
17.42 0.00597027 0.00109572 0.0053387 0.00452125
17.48 0.00594313 0.00112762 0.00529562 0.00452592
17.54 0.00591596 0.00115926 0.00525267 0.00453055
17.6 0.00588877 0.00119064 0.00520998 0.00453505
17.66 0.00586154 0.00122178 0.0051677 0.00453943
17.72 0.00583429 0.00125266 0.0051257 0.00454379
17.78 0.00580702 0.00128329 0.00508397 0.00454815
17.84 0.00577971 0.00131366 0.00504252 0.00455249
17.9 0.00575239 0.00134379 0.00500135 0.00455683
17.96 0.00572504 0.00137366 0.00495934 0.0045605
18.02 0.00569766 0.00140328 0.00491756 0.00456415
18.08 0.00567027 0.00143266 0.00487612 0.00456785
18.14 0.00564285 0.00146179 0.00483503 0.00457159
18.2 0.00561541 0.00149068 0.00479428 0.00457539
18.26 0.00558794 0.00151933 0.00475412 0.004579
18.32 0.00556046 0.00154774 0.00471443 0.00458225
18.38 0.00553296 0.0015759 0.00467469 0.00458553
18.44 0.00550543 0.00160383 0.00463489 0.00458883
18.5 0.00547789 0.00163152 0.00459503 0.00459215
18.56 0.00545033 0.00165897 0.00455512 0.0045955
18.62 0.00542275 0.00168618 0.00451588 0.00459833
18.68 0.00539515 0.00171316 0.00447695 0.00460104
18.74 0.00536754 0.00173991 0.00443819 0.00460375
18.8 0.0053399 0.00176642 0.00439963 0.00460644
18.86 0.00531226 0.0017927 0.00436124 0.00460912
18.92 0.00528459 0.00181875 0.00432309 0.00461172
18.98 0.00525692 0.00184458 0.00428515 0.00461413
19.04 0.00522922 0.00187017 0.00424721 0.00461654
19.1 0.00520152 0.00189554 0.00420927 0.00461895
19.16 0.0051738 0.00192068 0.00417132 0.00462136
19.22 0.00514606 0.0019456 0.00413338 0.00462377
19.28 0.00511831 0.00197029 0.00409618 0.00462551
19.34 0.00509056 0.00199475 0.00405922 0.0046271
19.4 0.00506279 0.002019 0.00402226 0.00462876
19.46 0.00503501 0.00204302 0.0039853 0.00463049
19.52 0.00500722 0.00206682 0.00394834 0.00463229
19.58 0.00497943 0.0020904 0.00391174 0.00463404
19.64 0.00495162 0.00211378 0.00387635 0.00463539
19.7 0.0049238 0.00213693 0.00384095 0.00463678
19.76 0.00489598 0.00215988 0.00380554 0.00463819
19.82 0.00486814 0.0021826 0.00377012 0.00463962
19.88 0.0048403 0.00220511 0.00373469 0.00464108
19.94 0.00481245 0.00222741 0.00369925 0.00464256
20 0.00478459 0.00224949 0.00366379 0.00464407
