0 0 -0 0 1 0
0.01 1.60927e-05 -0.0344225 0.0344225 0.9998 0.000199869
0.02 6.65977e-05 -0.0696277 0.0696277 0.999202 0.000798358
0.03 0.000158726 -0.106472 0.106472 0.998208 0.00179229
0.04 0.000306467 -0.145976 0.145976 0.996823 0.00317692
0.05 0.000534397 -0.189445 0.189446 0.995053 0.00494663
0.06 0.000885285 -0.238674 0.238676 0.992904 0.00709584
0.07 0.00143565 -0.296279 0.296283 0.99038 0.00961973
0.08 0.00232962 -0.366331 0.366339 0.987485 0.012515
0.09 0.00385935 -0.455632 0.455649 0.98422 0.0157802
0.1 0.00668018 -0.576584 0.576622 0.980584 0.0194159
0.11 0.0124887 -0.754591 0.754694 0.976576 0.023424
0.12 0.0267416 -1.05137 1.05171 0.972192 0.0278076
0.13 0.0749541 -1.666 1.66768 0.967431 0.0325693
0.14 0.441219 -3.7842 3.80984 0.962289 0.0377106
0.15 5.34248 11.1939 12.4035 0.95677 0.0432304
0.16 0.237893 2.42004 2.43171 0.950876 0.0491236
0.17 0.0823038 1.31596 1.31853 0.94462 0.0553803
0.18 0.0446824 0.886604 0.887729 0.938015 0.0619847
0.19 0.0297367 0.654421 0.655096 0.931085 0.0689147
0.2 0.0222613 0.506226 0.506715 0.923858 0.0761416
0.21 0.0180128 0.401407 0.401811 0.91637 0.0836295
0.22 0.0154168 0.321775 0.322144 0.908664 0.0913363
0.23 0.0137778 0.257938 0.258306 0.900786 0.0992136
0.24 0.012751 0.204532 0.204929 0.892792 0.107208
0.25 0.0121529 0.158238 0.158704 0.884736 0.115264
0.26 0.011883 0.116867 0.11747 0.876677 0.123323
0.27 0.0118881 0.0788802 0.079771 0.868668 0.131332
0.28 0.0121458 0.0431258 0.0448035 0.860756 0.139244
0.29 0.0126577 0.0086836 0.01535 0.852974 0.147026
0.3 0.0134469 -0.0252417 0.0286 0.845338 0.154662
0.31 0.0145615 -0.0593975 0.0611563 0.837837 0.162163
0.32 0.016082 -0.0945508 0.0959088 0.830436 0.169564
0.33 0.0181353 -0.131559 0.132803 0.823065 0.176935
0.34 0.0209206 -0.17146 0.172731 0.81563 0.18437
0.35 0.0247555 -0.215592 0.217009 0.80801 0.19199
0.36 0.0301618 -0.265802 0.267508 0.80007 0.19993
0.37 0.0380356 -0.324773 0.326992 0.791669 0.208331
0.38 0.0500074 -0.396638 0.399778 0.782676 0.217324
0.39 0.0692759 -0.488174 0.493065 0.772982 0.227018
0.4 0.10277 -0.611295 0.619874 0.762516 0.237484
0.41 0.167663 -0.788705 0.806329 0.75126 0.24874
0.42 0.315368 -1.06697 1.1126 0.739255 0.260745
0.43 0.746732 -1.53083 1.70324 0.726613 0.273387
0.44 2.3838 -1.81462 2.99589 0.71351 0.28649
0.45 3.00476 1.31044 3.27808 0.700175 0.299825
0.46 1.01983 1.53498 1.84288 0.686869 0.313131
0.47 0.443819 1.07321 1.16136 0.673855 0.326145
0.48 0.247814 0.781845 0.820178 0.661372 0.338628
0.49 0.161093 0.596266 0.617644 0.6496 0.3504
0.5 0.115658 0.468196 0.48227 0.638655 0.361345
0.51 0.0891158 0.373487 0.383972 0.628576 0.371424
0.52 0.0724717 0.299483 0.308127 0.619333 0.380667
0.53 0.06157 0.239036 0.246838 0.610848 0.389152
0.54 0.0542843 0.18782 0.195507 0.603011 0.396989
0.55 0.0494429 0.143059 0.151362 0.5957 0.4043
0.56 0.0463654 0.10287 0.112836 0.588813 0.411187
0.57 0.044645 0.065912 0.0796088 0.582278 0.417722
0.58 0.0440385 0.031172 0.0539545 0.576076 0.423924
0.59 0.0444092 -0.00215889 0.0444616 0.570239 0.429761
0.6 0.0456986 -0.0347762 0.0574261 0.564845 0.435155
0.61 0.0479171 -0.0673278 0.0826382 0.559988 0.440012
0.62 0.0511497 -0.10047 0.112741 0.555742 0.444258
0.63 0.0555795 -0.134924 0.145923 0.552108 0.447892
0.64 0.0615323 -0.171535 0.182237 0.548973 0.451027
0.65 0.0695552 -0.211343 0.222495 0.546089 0.453911
0.66 0.0805552 -0.25569 0.268079 0.543075 0.456925
0.67 0.096051 -0.30635 0.321054 0.539453 0.460547
0.68 0.118661 -0.36573 0.384498 0.5347 0.4653
0.69 0.153103 -0.437085 0.463124 0.528311 0.471689
0.7 0.208349 -0.52454 0.564403 0.519868 0.480132
0.71 0.302472 -0.631765 0.70044 0.509088 0.490912
0.72 0.473087 -0.75402 0.890144 0.495878 0.504122
0.73 0.790867 -0.84118 1.15458 0.480373 0.519627
0.74 1.29326 -0.684815 1.46338 0.462961 0.537039
0.75 1.5902 -0.0316392 1.59051 0.444282 0.555718
0.76 1.25155 0.554819 1.36901 0.425195 0.574805
0.77 0.806548 0.682297 1.05643 0.406686 0.593314
0.78 0.524696 0.619738 0.812023 0.389748 0.610252
0.79 0.362684 0.524774 0.637908 0.375242 0.624758
0.8 0.265806 0.436747 0.511274 0.363772 0.636228
0.81 0.204343 0.361382 0.415154 0.355618 0.644382
0.82 0.163322 0.297171 0.339093 0.35073 0.64927
0.83 0.134952 0.241663 0.276791 0.348766 0.651234
0.84 0.114948 0.19277 0.22444 0.34916 0.65084
0.85 0.100809 0.148898 0.179813 0.351196 0.648804
0.86 0.091002 0.10885 0.141879 0.354084 0.645916
0.87 0.0845572 0.0717144 0.110873 0.357032 0.642968
0.88 0.0808542 0.0367785 0.088826 0.359324 0.640676
0.89 0.0795067 0.00347478 0.0795826 0.360391 0.639609
0.9 0.0802897 -0.0286535 0.0852494 0.359885 0.640115
0.91 0.083089 -0.0599788 0.102476 0.35774 0.64226
0.92 0.0878594 -0.090818 0.126361 0.354202 0.645798
0.93 0.0945963 -0.121475 0.153963 0.349823 0.650177
0.94 0.103331 -0.15231 0.184053 0.34538 0.65462
0.95 0.114176 -0.183824 0.216396 0.341712 0.658288
0.96 0.12745 -0.216749 0.251443 0.339493 0.660507
0.97 0.143897 -0.252087 0.290266 0.339009 0.660991
0.98 0.164992 -0.291075 0.334585 0.340022 0.659978
0.99 0.193394 -0.335041 0.386851 0.341777 0.658223
1 0.233654 -0.385044 0.450392 0.343161 0.656839
1.01 0.293448 -0.440887 0.529616 0.342929 0.657071
1.02 0.385417 -0.498219 0.629895 0.339935 0.660065
1.03 0.527975 -0.54048 0.755563 0.333306 0.666694
1.04 0.734636 -0.521569 0.900957 0.322555 0.677445
1.05 0.962501 -0.359932 1.0276 0.307641 0.692359
1.06 1.05635 -0.0445126 1.05729 0.288995 0.711005
1.07 0.929809 0.241709 0.960712 0.267509 0.732491
1.08 0.718825 0.368426 0.807741 0.244472 0.755528
1.09 0.542525 0.382371 0.663733 0.22145 0.77855
1.1 0.420463 0.351406 0.547973 0.2001 0.7999
1.11 0.338601 0.308996 0.458398 0.181951 0.818049
1.12 0.282129 0.267083 0.388497 0.168209 0.831791
1.13 0.241006 0.228722 0.332261 0.159633 0.840367
1.14 0.209203 0.193702 0.285108 0.156511 0.843489
1.15 0.183446 0.160843 0.243973 0.158696 0.841304
1.16 0.162211 0.128994 0.207248 0.165654 0.834346
1.17 0.144934 0.0974295 0.174638 0.176501 0.823499
1.18 0.131431 0.0658671 0.147012 0.190035 0.809965
1.19 0.121589 0.0342934 0.126333 0.204816 0.795184
1.2 0.115282 0.002788 0.115316 0.219286 0.780714
1.21 0.112397 -0.0285742 0.115972 0.231942 0.768058
1.22 0.112888 -0.0597349 0.127718 0.241511 0.758489
1.23 0.116811 -0.0906098 0.147834 0.2471 0.7529
1.24 0.124306 -0.121022 0.173488 0.248313 0.751687
1.25 0.135535 -0.150637 0.202635 0.245327 0.754673
1.26 0.15054 -0.178953 0.233852 0.23892 0.76108
1.27 0.16908 -0.205418 0.266053 0.230445 0.769555
1.28 0.190556 -0.229742 0.298484 0.221678 0.778322
1.29 0.21427 -0.252329 0.331031 0.214488 0.785512
1.3 0.240128 -0.274465 0.364681 0.210348 0.789652
1.31 0.269522 -0.297917 0.401743 0.209843 0.790157
1.32 0.305959 -0.323904 0.445561 0.212416 0.787584
1.33 0.355302 -0.351632 0.499884 0.216511 0.783489
1.34 0.425649 -0.375992 0.567932 0.220037 0.779963
1.35 0.525492 -0.383144 0.650339 0.220917 0.779083
1.36 0.654507 -0.344467 0.73962 0.217539 0.782461
1.37 0.779139 -0.223091 0.810449 0.20901 0.79099
1.38 0.821367 -0.0257032 0.821769 0.195246 0.804754
1.39 0.740612 0.15618 0.7569 0.176948 0.823052
1.4 0.599834 0.247686 0.64896 0.155477 0.844523
1.41 0.471459 0.261403 0.539079 0.132627 0.867373
1.42 0.378286 0.236881 0.446333 0.110296 0.889704
1.43 0.316405 0.199781 0.374198 0.0901495 0.909851
1.44 0.276992 0.161899 0.320836 0.0733551 0.926645
1.45 0.25264 0.128122 0.283271 0.0605369 0.939463
1.46 0.237686 0.100403 0.258022 0.0519436 0.948056
1.47 0.227425 0.0791398 0.240801 0.0477594 0.952241
1.48 0.217803 0.0632276 0.226795 0.0483821 0.951618
1.49 0.205998 0.0499613 0.21197 0.0544716 0.945528
1.5 0.19135 0.0358246 0.194675 0.0666655 0.933334
1.51 0.175374 0.0180651 0.176302 0.085053 0.914947
1.52 0.160504 -0.00430474 0.160562 0.108693 0.891307
1.53 0.148779 -0.0308134 0.151936 0.135497 0.864503
1.54 0.141388 -0.0604273 0.15376 0.162591 0.837409
1.55 0.13893 -0.0921774 0.166728 0.186951 0.813049
1.56 0.141825 -0.125325 0.189264 0.206011 0.793989
1.57 0.150633 -0.159229 0.21919 0.218009 0.781991
1.58 0.166193 -0.193055 0.254736 0.222084 0.777916
1.59 0.189569 -0.225373 0.294499 0.218204 0.781796
1.6 0.22166 -0.253685 0.336881 0.207059 0.792941
1.61 0.262207 -0.274141 0.379349 0.189979 0.810021
1.62 0.308167 -0.282262 0.417898 0.168962 0.831038
1.63 0.352746 -0.275805 0.447771 0.146764 0.853236
1.64 0.388157 -0.258553 0.466385 0.12674 0.87326
1.65 0.411937 -0.23969 0.476596 0.112098 0.887902
1.66 0.429811 -0.227106 0.486122 0.104717 0.895283
1.67 0.451683 -0.221749 0.50318 0.10429 0.89571
1.68 0.486296 -0.216984 0.532509 0.10843 0.89157
1.69 0.537321 -0.199458 0.573147 0.113682 0.886318
1.7 0.597214 -0.150806 0.615961 0.11677 0.88323
1.71 0.638835 -0.0588469 0.641539 0.115485 0.884515
1.72 0.62514 0.0574924 0.627778 0.109078 0.890922
1.73 0.551008 0.149233 0.570859 0.0982269 0.901773
1.74 0.453437 0.187556 0.490696 0.0847162 0.915284
1.75 0.367202 0.182373 0.409996 0.0708493 0.929151
1.76 0.303669 0.15464 0.340776 0.0587376 0.941262
1.77 0.260986 0.118683 0.286704 0.0496805 0.95032
1.78 0.234421 0.0815857 0.248213 0.0438659 0.956134
1.79 0.220081 0.0465615 0.224953 0.0404639 0.959536
1.8 0.215337 0.0154675 0.215892 0.0380418 0.961958
1.81 0.218124 -0.0098576 0.218346 0.0352063 0.964794
1.82 0.225754 -0.0272515 0.227393 0.0313709 0.968629
1.83 0.233732 -0.0352044 0.236369 0.027428 0.972572
1.84 0.236031 -0.035231 0.238646 0.0259648 0.974035
1.85 0.228386 -0.0333713 0.230811 0.0306678 0.969332
1.86 0.212072 -0.0372725 0.215323 0.0448387 0.955161
1.87 0.192824 -0.0511032 0.199481 0.069573 0.930427
1.88 0.176323 -0.0744385 0.191392 0.102722 0.897278
1.89 0.165863 -0.10481 0.196203 0.139462 0.860538
1.9 0.162909 -0.139887 0.214727 0.174077 0.825923
1.91 0.168385 -0.178051 0.245063 0.201732 0.798268
1.92 0.183584 -0.218024 0.285022 0.219368 0.780632
1.93 0.210634 -0.258068 0.333115 0.225744 0.774256
1.94 0.252467 -0.294775 0.388113 0.221061 0.778939
1.95 0.311805 -0.321365 0.44777 0.206503 0.793497
1.96 0.387832 -0.326052 0.506679 0.183724 0.816276
1.97 0.469039 -0.293841 0.55348 0.154421 0.845579
1.98 0.527128 -0.219881 0.57115 0.120497 0.879503
1.99 0.533523 -0.129814 0.549089 0.0850786 0.914921
2 0.494679 -0.0653674 0.49898 0.0531837 0.946816
