0.5 19.92 0.40021 0.27425 0.02108 0.041283
0.52 19.92 0.33269 0.31777 0.024208 0.043161
0.54 19.92 0.26203 0.37358 0.027856 0.044781
0.56 19.92 0.19135 0.44406 0.032022 0.045959
0.58 19.92 0.12515 0.5305 0.036625 0.04649
0.6 19.92 0.068801 0.63218 0.041482 0.046197
0.62 19.92 0.027329 0.74598 0.046327 0.044982
0.625 19.92 0.019734 0.77574 0.047502 0.044535
0.63 19.92 0.013322 0.80583 0.048653 0.044033
0.635 19.92 0.0081107 0.83617 0.049776 0.043478
0.64 19.92 0.0041053 0.86664 0.050866 0.042874
0.645 19.92 0.0013013 0.89716 0.051922 0.042224
0.65 19.92 -0.00031667 0.92762 0.052938 0.04153
0.655 19.92 -0.00077411 0.95793 0.053913 0.040796
0.66 19.92 -0.00010541 0.98802 0.054845 0.040027
0.665 19.92 0.001647 1.0178 0.055731 0.039226
0.67 19.92 0.0044339 1.0472 0.05657 0.038398
0.675 19.92 0.0082002 1.0761 0.057362 0.037545
0.68 19.92 0.012887 1.1046 0.058106 0.036673
0.7 19.92 0.039555 1.2124 0.060607 0.033063
0.72 19.92 0.075792 1.3095 0.062397 0.029412
0.74 19.92 0.11781 1.3956 0.063576 0.025873
0.76 19.92 0.1626 1.4715 0.064263 0.02254
0.78 19.92 0.20803 1.5385 0.064573 0.019457
0.8 19.92 0.25272 1.598 0.064601 0.016636
0.82 19.92 0.29588 1.6514 0.064425 0.014068
0.84 19.92 0.33709 1.6997 0.064102 0.011735
0.86 19.92 0.37621 1.744 0.063677 0.0096135
0.88 19.92 0.41324 1.7851 0.063181 0.0076817
0.9 19.92 0.44826 1.8236 0.062636 0.0059174
0.92 19.92 0.48139 1.86 0.062059 0.0043013
0.94 19.92 0.51279 1.8947 0.061462 0.0028161
0.96 19.92 0.5426 1.9279 0.060853 0.0014471
0.98 19.92 0.57095 1.9599 0.060239 0.00018145
1 19.92 0.59798 1.9909 0.059623 -0.0009919
1.02 19.92 0.6238 2.021 0.059009 -0.0020825
1.04 19.92 0.64851 2.0504 0.058399 -0.0030984
1.06 19.92 0.67221 2.0791 0.057796 -0.0040471
1.08 19.92 0.69498 2.1074 0.0572 -0.0049347
1.1 19.92 0.71688 2.1351 0.056612 -0.0057667
1.12 19.92 0.73801 2.1624 0.056033 -0.0065482
1.14 19.92 0.7584 2.1893 0.055464 -0.0072833
1.16 19.92 0.77811 2.2159 0.054904 -0.007976
1.18 19.92 0.79721 2.2423 0.054355 -0.0086297
1.2 19.92 0.81572 2.2683 0.053815 -0.0092476
