0 19.91 0.94943 0 -0.0013932 0
0.5 19.91 0.40029 0.27466 0.0211 0.041293
0.52 19.91 0.33279 0.31825 0.02423 0.043169
0.54 19.91 0.26218 0.37414 0.02788 0.044786
0.56 19.91 0.19157 0.44469 0.032048 0.045959
0.58 19.91 0.12547 0.53118 0.036651 0.046486
0.6 19.91 0.069235 0.63288 0.041506 0.046188
0.62 19.91 0.027883 0.74665 0.046349 0.044969
0.625 19.91 0.020316 0.7764 0.047522 0.044521
0.63 19.91 0.013931 0.80648 0.048672 0.044019
0.635 19.91 0.0087449 0.83679 0.049794 0.043464
0.64 19.91 0.004763 0.86725 0.050883 0.042859
0.645 19.91 0.0019807 0.89775 0.051937 0.042208
0.65 19.91 0.00038225 0.92819 0.052953 0.041514
0.655 19.91 -5.7702e-05 0.95848 0.053927 0.04078
0.66 19.91 0.00062629 0.98854 0.054857 0.040011
0.665 19.91 0.0023918 1.0183 0.055742 0.03921
0.67 19.91 0.0051895 1.0477 0.056581 0.038382
0.675 19.91 0.0089646 1.0766 0.057372 0.03753
0.68 19.91 0.013658 1.105 0.058115 0.036658
0.7 19.91 0.040334 1.2127 0.060613 0.03305
0.72 19.91 0.076556 1.3097 0.0624 0.0294
0.74 19.91 0.11854 1.3958 0.063578 0.025864
0.76 19.91 0.1633 1.4717 0.064265 0.022532
0.78 19.91 0.20869 1.5387 0.064574 0.019451
0.8 19.91 0.25335 1.5981 0.064603 0.016632
0.82 19.91 0.29647 1.6514 0.064427 0.014065
0.84 19.91 0.33766 1.6998 0.064105 0.011732
0.86 19.91 0.37676 1.7441 0.06368 0.0096121
0.88 19.91 0.41376 1.7852 0.063184 0.0076808
0.9 19.91 0.44876 1.8237 0.06264 0.0059169
0.92 19.91 0.48188 1.8601 0.062064 0.0043009
0.94 19.91 0.51327 1.8948 0.061467 0.002816
0.96 19.91 0.54307 1.928 0.060859 0.0014471
0.98 19.91 0.57141 1.96 0.060244 0.00018146
1 19.91 0.59843 1.991 0.059628 -0.00099185
1.02 19.91 0.62425 2.0211 0.059014 -0.0020824
1.04 19.91 0.64895 2.0505 0.058405 -0.0030984
1.06 19.91 0.67265 2.0793 0.057802 -0.0040471
1.08 19.91 0.69541 2.1075 0.057206 -0.0049347
1.1 19.91 0.71732 2.1353 0.056619 -0.0057668
1.12 19.91 0.73843 2.1626 0.05604 -0.0065483
1.14 19.91 0.75882 2.1895 0.055471 -0.0072835
1.16 19.91 0.77854 2.2161 0.054911 -0.0079763
1.18 19.91 0.79763 2.2424 0.054362 -0.0086301
1.2 19.91 0.81614 2.2685 0.053822 -0.0092479
