0.3 30.5 0.68593 0.034973 0.0034406 0.016896
0.32 30.5 0.66737 0.038394 0.0039358 0.018038
0.34 30.5 0.64671 0.041253 0.0044591 0.019193
0.36 30.5 0.62448 0.044768 0.0050083 0.020364
0.38 30.5 0.60049 0.047276 0.0055808 0.02156
0.4 30.5 0.57521 0.049732 0.0061741 0.022784
0.42 30.5 0.54689 0.050563 0.0067842 0.024056
0.44 30.5 0.51633 0.050981 0.007414 0.025384
0.46 30.5 0.48209 0.049695 0.0080574 0.026797
0.48 30.5 0.44396 0.047163 0.008723 0.028322
0.5 30.5 0.40058 0.042352 0.0094117 0.030004
0.52 30.5 0.35031 0.035084 0.010148 0.031907
0.54 30.5 0.29038 0.024962 0.010976 0.034117
0.55 30.5 0.25559 0.018915 0.011451 0.03537
0.555 30.5 0.23671 0.015704 0.01171 0.036041
0.56 30.5 0.21671 0.01241 0.011988 0.036745
0.565 30.5 0.1955 0.0090788 0.012289 0.037484
0.57 30.5 0.17295 0.0057668 0.012615 0.038259
0.575 30.5 0.14895 0.002549 0.012972 0.039074
0.58 30.5 0.12337 -0.00048031 0.013366 0.039929
0.585 30.5 0.09606 -0.0032028 0.013802 0.040827
0.59 30.5 0.066891 -0.0054721 0.014289 0.041769
0.5905 30.5 0.063866 -0.0056675 0.01434 0.041865
0.591 30.5 0.060821 -0.0058564 0.014393 0.041962
0.5915 30.5 0.057755 -0.0060386 0.014445 0.04206
0.592 30.5 0.054669 -0.0062139 0.014499 0.042158
0.5925 30.5 0.051562 -0.0063821 0.014553 0.042256
0.593 30.5 0.048435 -0.006543 0.014608 0.042355
0.5935 30.5 0.045287 -0.0066963 0.014663 0.042454
0.594 30.5 0.042117 -0.0068419 0.014719 0.042554
0.5945 30.5 0.038927 -0.0069795 0.014776 0.042654
0.595 30.5 0.035715 -0.0071088 0.014833 0.042754
0.5955 30.5 0.032482 -0.0072297 0.014891 0.042855
0.596 30.5 0.029227 -0.0073419 0.014949 0.042957
0.5965 30.5 0.02595 -0.0074451 0.015009 0.043058
0.597 30.5 0.022651 -0.0075392 0.015069 0.043161
0.5975 30.5 0.019331 -0.0076238 0.01513 0.043263
0.598 30.5 0.015988 -0.0076987 0.015191 0.043367
0.5985 30.5 0.012623 -0.0077636 0.015253 0.04347
0.599 30.5 0.009236 -0.0078184 0.015316 0.043574
0.5995 30.5 0.0058261 -0.0078626 0.01538 0.043679
0.6 30.5 0.0023937 -0.007896 0.015444 0.043784
0.6005 30.5 -0.0010616 -0.0079184 0.01551 0.043889
0.601 30.5 -0.0045398 -0.0079295 0.015576 0.043994
0.6015 30.5 -0.0080409 -0.0079289 0.015643 0.044101
0.602 30.5 -0.011565 -0.0079164 0.01571 0.044207
0.6025 30.5 -0.015113 -0.0078917 0.015779 0.044314
0.603 30.5 -0.018684 -0.0078545 0.015848 0.044422
0.6035 30.5 -0.022278 -0.0078044 0.015918 0.044529
0.604 30.5 -0.025896 -0.0077411 0.015989 0.044638
0.6045 30.5 -0.029538 -0.0076645 0.016061 0.044746
0.605 30.5 -0.033203 -0.007574 0.016134 0.044855
0.6055 30.5 -0.036893 -0.0074694 0.016207 0.044965
0.606 30.5 -0.040606 -0.0073503 0.016282 0.045074
0.6065 30.5 -0.044343 -0.0072165 0.016357 0.045185
0.607 30.5 -0.048105 -0.0070675 0.016434 0.045295
0.6075 30.5 -0.051891 -0.006903 0.016511 0.045406
0.608 30.5 -0.055701 -0.0067226 0.016589 0.045517
0.6085 30.5 -0.059536 -0.0065261 0.016668 0.045629
0.609 30.5 -0.063396 -0.006313 0.016748 0.045741
0.6095 30.5 -0.06728 -0.006083 0.01683 0.045853
0.61 30.5 -0.071188 -0.0058356 0.016912 0.045966
0.615 30.5 -0.11165 -0.0023226 0.017791 0.047112
0.62 30.5 -0.15462 0.0033767 0.018784 0.048284
0.625 30.5 -0.2001 0.011727 0.019906 0.049474
0.63 30.5 -0.24799 0.023243 0.021168 0.050667
0.635 30.5 -0.29811 0.038477 0.022583 0.051848
0.64 30.5 -0.35016 0.058007 0.024163 0.052995
0.645 30.5 -0.40371 0.082411 0.025915 0.054084
0.65 30.5 -0.45818 0.11223 0.027843 0.055085
0.66 30.5 -0.56676 0.1899 0.032215 0.056698
0.67 30.5 -0.66833 0.29305 0.03718 0.05757
0.68 30.5 -0.75402 0.42037 0.042516 0.057466
0.69 30.5 -0.81561 0.56647 0.04789 0.056256
0.7 30.5 -0.84777 0.72254 0.052932 0.053969
0.72 30.5 -0.82443 1.0249 0.060857 0.047011
0.74 30.5 -0.71856 1.2687 0.06528 0.038849
0.76 30.5 -0.58125 1.4405 0.066877 0.031278
0.78 30.5 -0.44591 1.5552 0.066788 0.024978
0.8 30.5 -0.32587 1.6323 0.065877 0.019936
0.82 30.5 -0.2234 1.6869 0.064638 0.015909
0.84 30.5 -0.1366 1.7283 0.063313 0.012646
0.86 30.5 -0.062621 1.7621 0.062011 0.0099447
0.88 30.5 0.0012114 1.7914 0.060772 0.0076619
0.9 30.5 0.05705 1.818 0.059608 0.0056949
0.92 30.5 0.10656 1.843 0.058516 0.0039724
0.94 30.5 0.15099 1.8669 0.057492 0.0024436
0.96 30.5 0.1913 1.8901 0.056527 0.001072
0.98 30.5 0.22822 1.9128 0.055613 -0.00016921
1 30.5 0.26229 1.9351 0.054746 -0.0013002
1.02 30.5 0.29395 1.9572 0.053919 -0.0023367
1.04 30.5 0.32353 1.979 0.053128 -0.0032908
1.06 30.5 0.3513 2.0007 0.052369 -0.0041724
1.08 30.5 0.37747 2.0221 0.051641 -0.0049898
1.1 30.5 0.40223 2.0435 0.050939 -0.0057499
1.12 30.5 0.42573 2.0647 0.050263 -0.0064583
1.14 30.5 0.44808 2.0858 0.04961 -0.0071203
1.16 30.5 0.4694 2.1068 0.048979 -0.0077402
1.18 30.5 0.48978 2.1278 0.048368 -0.008322
1.2 30.5 0.50931 2.1487 0.047777 -0.0088689
