0 19.9 0.94966 0 -0.0013938 0
0.3 19.9 0.81371 0.10043 0.0057348 0.023003
0.32 19.9 0.78843 0.11079 0.006618 0.024616
0.34 19.9 0.76041 0.12145 0.0075824 0.026267
0.36 19.9 0.72978 0.13325 0.0086438 0.027959
0.38 19.9 0.69607 0.14581 0.0098147 0.029701
0.4 19.9 0.65907 0.15958 0.011119 0.0315
0.42 19.9 0.61763 0.17485 0.012586 0.033367
0.44 19.9 0.57153 0.19276 0.01426 0.0353
0.46 19.9 0.52005 0.21427 0.016195 0.03729
0.48 19.9 0.46299 0.24107 0.018458 0.03931
0.5 19.9 0.40036 0.27507 0.021119 0.041303
0.52 19.9 0.33289 0.31874 0.024252 0.043177
0.54 19.9 0.26232 0.3747 0.027905 0.04479
0.56 19.9 0.19179 0.44532 0.032074 0.04596
0.58 19.9 0.12579 0.53185 0.036677 0.046482
0.6 19.9 0.06967 0.63357 0.04153 0.046179
0.62 19.9 0.028437 0.74732 0.04637 0.044957
0.625 19.9 0.020899 0.77705 0.047543 0.044508
0.63 19.9 0.014541 0.80712 0.048691 0.044005
0.635 19.9 0.0093794 0.83742 0.049812 0.043449
0.64 19.9 0.005421 0.86786 0.050901 0.042844
0.645 19.9 0.0026603 0.89834 0.051953 0.042193
0.65 19.9 0.0010815 0.92875 0.052968 0.041498
0.655 19.9 0.00065897 0.95903 0.053941 0.040765
0.66 19.9 0.0013582 0.98907 0.05487 0.039995
0.665 19.9 0.0031367 1.0188 0.055754 0.039195
0.67 19.9 0.0059453 1.0481 0.056591 0.038366
0.675 19.9 0.009729 1.077 0.057381 0.037514
0.68 19.9 0.014429 1.1054 0.058123 0.036643
0.7 19.9 0.041113 1.213 0.060618 0.033036
0.72 19.9 0.077319 1.31 0.062403 0.029389
0.74 19.9 0.11928 1.396 0.06358 0.025854
0.76 19.9 0.164 1.4719 0.064266 0.022525
0.78 19.9 0.20935 1.5388 0.064576 0.019446
0.8 19.9 0.25397 1.5982 0.064604 0.016627
0.82 19.9 0.29707 1.6515 0.064429 0.014062
0.84 19.9 0.33823 1.6999 0.064107 0.01173
0.86 19.9 0.3773 1.7442 0.063683 0.0096107
0.88 19.9 0.41428 1.7853 0.063188 0.0076798
0.9 19.9 0.44927 1.8238 0.062644 0.0059162
0.92 19.9 0.48237 1.8602 0.062068 0.0043006
0.94 19.9 0.51375 1.8949 0.061472 0.0028158
0.96 19.9 0.54354 1.9281 0.060864 0.001447
0.98 19.9 0.57187 1.9601 0.060249 0.00018147
1 19.9 0.59889 1.9911 0.059634 -0.0009918
1.02 19.9 0.62469 2.0213 0.05902 -0.0020823
1.04 19.9 0.64939 2.0507 0.058411 -0.0030984
1.06 19.9 0.67308 2.0794 0.057808 -0.0040471
1.08 19.9 0.69584 2.1077 0.057212 -0.0049347
1.1 19.9 0.71774 2.1354 0.056625 -0.0057669
1.12 19.9 0.73886 2.1627 0.056047 -0.0065484
1.14 19.9 0.75925 2.1897 0.055478 -0.0072837
1.16 19.9 0.77896 2.2163 0.054918 -0.0079765
1.18 19.9 0.79805 2.2426 0.054369 -0.0086304
1.2 19.9 0.81656 2.2687 0.053829 -0.0092483
