0.5 46.5 0.37176 -0.015498 0.0062304 0.020803
0.52 46.5 0.34685 -0.021149 0.0065791 0.021605
0.54 46.5 0.32231 -0.029578 0.0068578 0.022393
0.56 46.5 0.29919 -0.042132 0.0070134 0.023152
0.58 46.5 0.27925 -0.061175 0.0069588 0.023878
0.6 46.5 0.2653 -0.09117 0.0065524 0.02456
0.62 46.5 0.26188 -0.14031 0.0055294 0.025191
0.64 46.5 0.27701 -0.22464 0.003386 0.025801
0.65 46.5 0.2959 -0.28959 0.0016045 0.026125
0.655 46.5 0.3094 -0.33067 0.00045 0.026303
0.66 46.5 0.32632 -0.37921 -0.000931 0.026498
0.665 46.5 0.34734 -0.437 -0.0025904 0.026717
0.67 46.5 0.37338 -0.50638 -0.0045965 0.026973
0.675 46.5 0.40562 -0.59052 -0.0070405 0.027279
0.68 46.5 0.4457 -0.69378 -0.010049 0.027656
0.685 46.5 0.49585 -0.82238 -0.013798 0.028137
0.69 46.5 0.5593 -0.98547 -0.01855 0.02877
0.695 46.5 0.64087 -1.1971 -0.024701 0.029632
0.7 46.5 0.74803 -1.4798 -0.03289 0.030854
0.705 46.5 0.89315 -1.8729 -0.044212 0.032676
0.71 46.5 1.0981 -2.4503 -0.060717 0.035587
0.715 46.5 1.4056 -3.3706 -0.08674 0.040737
0.72 46.5 1.9077 -5.046 -0.13329 0.051548
0.725 46.5 2.8151 -8.9745 -0.23871 0.083416
0.73 46.5 2.5051 -27.225 -0.66664 0.33896
0.735 46.5 -22.471 24.223 0.8911 0.23022
0.74 46.5 -5.5928 10.317 0.33219 0.019718
0.745 46.5 -3.1413 6.7078 0.2133 0.010689
0.75 46.5 -2.206 5.1193 0.16287 0.010061
0.76 46.5 -1.4153 3.6754 0.11773 0.010796
0.78 46.5 -0.86097 2.6502 0.085461 0.011262
0.8 46.5 -0.62986 2.2733 0.072869 0.010595
0.82 46.5 -0.49218 2.097 0.066241 0.0094542
0.84 46.5 -0.39359 2.0059 0.062118 0.0081242
0.86 46.5 -0.31516 1.9572 0.059244 0.006739
0.88 46.5 -0.24889 1.932 0.057063 0.0053686
0.9 46.5 -0.19094 1.9203 0.055302 0.0040496
0.92 46.5 -0.13918 1.9171 0.053814 0.0027992
0.94 46.5 -0.092291 1.9193 0.052513 0.0016242
0.96 46.5 -0.049415 1.9252 0.051348 0.00052533
0.98 46.5 -0.0099174 1.9336 0.050286 -0.00049973
1 46.5 0.026682 1.9438 0.049305 -0.0014548
1.02 46.5 0.060759 1.9553 0.048389 -0.0023443
1.04 46.5 0.092616 1.9678 0.047529 -0.0031728
1.06 46.5 0.1225 1.9809 0.046714 -0.0039447
1.08 46.5 0.15061 1.9947 0.045941 -0.0046645
1.1 46.5 0.17711 2.0089 0.045204 -0.0053361
1.12 46.5 0.20216 2.0235 0.0445 -0.0059635
1.14 46.5 0.22588 2.0384 0.043825 -0.0065502
1.16 46.5 0.24838 2.0535 0.043178 -0.0070998
1.18 46.5 0.26976 2.0689 0.042556 -0.0076153
1.2 46.5 0.29012 2.0845 0.041958 -0.0080997
