0.5 46.9 0.3703 -0.016138 0.0061998 0.02067
0.52 46.9 0.34554 -0.021575 0.0065523 0.021462
0.54 46.9 0.3212 -0.029655 0.0068381 0.022236
0.56 46.9 0.29837 -0.041646 0.0070058 0.022976
0.58 46.9 0.27888 -0.059774 0.0069711 0.023673
0.6 46.9 0.26573 -0.088267 0.0065966 0.024309
0.62 46.9 0.26378 -0.13489 0.0056248 0.024864
0.64 46.9 0.28183 -0.21478 0.0035648 0.025333
0.65 46.9 0.30325 -0.27623 0.001845 0.025542
0.655 46.9 0.31847 -0.31506 0.00072884 0.025644
0.66 46.9 0.3375 -0.36089 -0.00060737 0.025746
0.665 46.9 0.36119 -0.41537 -0.0022139 0.025852
0.67 46.9 0.39061 -0.48066 -0.0041566 0.025965
0.675 46.9 0.42723 -0.55967 -0.0065238 0.026089
0.68 46.9 0.47304 -0.65638 -0.0094366 0.026232
0.685 46.9 0.53092 -0.77638 -0.013066 0.026401
0.69 46.9 0.60505 -0.92787 -0.017661 0.026609
0.695 46.9 0.7019 -1.1232 -0.023601 0.02687
0.7 46.9 0.83198 -1.3821 -0.031492 0.027202
0.705 46.9 1.0136 -1.7381 -0.042369 0.027624
0.71 46.9 1.2816 -2.2525 -0.058152 0.028141
0.715 46.9 1.7121 -3.0523 -0.082857 0.028671
0.72 46.9 2.5067 -4.4477 -0.12651 0.028639
0.725 46.9 4.4216 -7.4438 -0.223 0.02376
0.73 46.9 13.973 -17.748 -0.59466 -0.062701
0.735 46.9 1.1457 42.686 1.0028 -0.57452
0.74 46.9 -3.5231 12.176 0.34633 -0.053538
0.745 46.9 -2.437 7.3298 0.21738 -0.013964
0.75 46.9 -1.8584 5.4204 0.16448 -0.0019808
0.76 46.9 -1.2828 3.7868 0.11802 0.0062588
0.78 46.9 -0.82354 2.6818 0.085326 0.0099501
0.8 46.9 -0.61608 2.2867 0.072695 0.01005
0.82 46.9 -0.48745 2.104 0.066074 0.0091893
0.84 46.9 -0.39304 2.0101 0.061966 0.0079847
0.86 46.9 -0.31674 1.9601 0.059104 0.0066624
0.88 46.9 -0.25162 1.934 0.056932 0.0053261
0.9 46.9 -0.19429 1.9218 0.055177 0.0040267
0.92 46.9 -0.14287 1.9183 0.053692 0.0027883
0.94 46.9 -0.096172 1.9202 0.052394 0.0016209
0.96 46.9 -0.053389 1.9259 0.051231 0.00052721
0.98 46.9 -0.013931 1.9341 0.05017 -0.00049418
1 46.9 0.022661 1.9441 0.049189 -0.0014465
1.02 46.9 0.056748 1.9554 0.048274 -0.0023339
1.04 46.9 0.088625 1.9677 0.047414 -0.0031606
1.06 46.9 0.11853 1.9808 0.0466 -0.0039312
1.08 46.9 0.14667 1.9944 0.045827 -0.0046496
1.1 46.9 0.17321 2.0085 0.04509 -0.0053201
1.12 46.9 0.19828 2.0229 0.044386 -0.0059465
1.14 46.9 0.22203 2.0377 0.043712 -0.0065323
1.16 46.9 0.24455 2.0528 0.043065 -0.0070809
1.18 46.9 0.26595 2.068 0.042443 -0.0075956
1.2 46.9 0.28633 2.0835 0.041845 -0.0080791
