0.3 20 0.81207 0.099441 0.0056969 0.022921
0.32 20 0.78687 0.10967 0.0065733 0.024528
0.34 20 0.75896 0.1202 0.0075297 0.026173
0.36 20 0.72844 0.13184 0.0085817 0.027858
0.38 20 0.69485 0.1442 0.0097414 0.029595
0.4 20 0.65797 0.15774 0.011032 0.031389
0.42 20 0.61667 0.17272 0.012483 0.033252
0.44 20 0.5707 0.19028 0.014139 0.035182
0.46 20 0.51932 0.21135 0.016053 0.037173
0.48 20 0.46231 0.23761 0.01829 0.039198
0.5 20 0.39961 0.27097 0.020925 0.041203
0.52 20 0.33191 0.31392 0.024031 0.043098
0.54 20 0.26089 0.36913 0.02766 0.044743
0.56 20 0.18963 0.43906 0.031815 0.045953
0.58 20 0.12264 0.52509 0.036416 0.046522
0.6 20 0.065349 0.62664 0.041286 0.046266
0.61 20 0.042002 0.68236 0.04374 0.045792
0.62 20 0.022917 0.74061 0.046157 0.045083
0.63 20 0.0084691 0.80067 0.048498 0.044145
0.64 20 -0.0011419 0.86176 0.050729 0.042995
0.65 20 -0.0058972 0.92306 0.052819 0.041655
0.66 20 -0.005951 0.98382 0.054743 0.040154
0.67 20 -0.0016057 1.0434 0.056485 0.038523
0.68 20 0.0067225 1.1011 0.058036 0.036795
0.69 20 0.018542 1.1567 0.059395 0.035002
0.7 20 0.033326 1.2097 0.060563 0.033172
0.72 20 0.069686 1.3074 0.06237 0.029503
0.74 20 0.11194 1.3941 0.063559 0.025947
0.76 20 0.15702 1.4703 0.064251 0.022597
0.78 20 0.20274 1.5375 0.064561 0.0195
0.8 20 0.24772 1.5972 0.064588 0.016668
0.82 20 0.29113 1.6506 0.064408 0.014091
0.84 20 0.33257 1.699 0.064082 0.011751
0.86 20 0.37188 1.7433 0.063653 0.0096249
0.88 20 0.40907 1.7844 0.063153 0.0076892
0.9 20 0.44422 1.8229 0.062605 0.0059222
0.92 20 0.47748 1.8592 0.062025 0.004304
0.94 20 0.50897 1.8938 0.061425 0.0028175
0.96 20 0.53886 1.927 0.060813 0.0014475
0.98 20 0.56729 1.9589 0.060196 0.00018133
1 20 0.59438 1.9899 0.059578 -0.0009923
1.02 20 0.62024 2.0199 0.058962 -0.0020829
1.04 20 0.645 2.0493 0.058351 -0.0030988
1.06 20 0.66873 2.078 0.057746 -0.0040473
1.08 20 0.69153 2.1061 0.057148 -0.0049346
1.1 20 0.71346 2.1338 0.05656 -0.0057662
1.12 20 0.7346 2.1611 0.05598 -0.0065472
1.14 20 0.75501 2.188 0.05541 -0.0072819
1.16 20 0.77474 2.2145 0.05485 -0.0079741
1.18 20 0.79384 2.2408 0.054299 -0.0086273
1.2 20 0.81236 2.2668 0.053758 -0.0092445
