0.5 46.6 0.3714 -0.015659 0.0062227 0.020769
0.52 46.6 0.34652 -0.021256 0.0065724 0.021569
0.54 46.6 0.32204 -0.029597 0.0068528 0.022353
0.56 46.6 0.299 -0.04201 0.0070114 0.023108
0.58 46.6 0.27917 -0.060823 0.0069618 0.023826
0.6 46.6 0.26543 -0.090441 0.0065632 0.024496
0.62 46.6 0.26239 -0.13895 0.0055529 0.025108
0.64 46.6 0.27828 -0.22217 0.0034299 0.025681
0.65 46.6 0.29783 -0.28625 0.0016634 0.025976
0.655 46.6 0.31179 -0.32677 0.00051815 0.026134
0.66 46.6 0.32926 -0.37464 -0.00085208 0.026305
0.665 46.6 0.35097 -0.43161 -0.0024988 0.026496
0.67 46.6 0.3779 -0.49998 -0.0044898 0.026714
0.675 46.6 0.4113 -0.58284 -0.0069158 0.026974
0.68 46.6 0.45289 -0.68448 -0.0099015 0.027291
0.685 46.6 0.50508 -0.81097 -0.013623 0.027691
0.69 46.6 0.57138 -0.97121 -0.01834 0.028214
0.695 46.6 0.65703 -1.1788 -0.024444 0.02892
0.7 46.6 0.77038 -1.4558 -0.032568 0.02991
0.705 46.6 0.92544 -1.8399 -0.043798 0.031365
0.71 46.6 1.1479 -2.4022 -0.060161 0.033644
0.715 46.6 1.49 -3.2942 -0.085952 0.037563
0.72 46.6 2.0777 -4.9057 -0.13209 0.045441
0.725 46.6 3.3002 -8.6364 -0.23698 0.067063
0.73 46.6 6.7183 -25.941 -0.69267 0.22097
0.735 46.6 -20.795 30.466 1.0147 0.10604
0.74 46.6 -5.1918 10.84 0.33866 0.0032876
0.745 46.6 -2.988 6.8763 0.21493 0.0048588
0.75 46.6 -2.1269 5.1995 0.16349 0.0071535
0.76 46.6 -1.384 3.7046 0.11786 0.0096811
0.78 46.6 -0.85191 2.6584 0.085438 0.010935
0.8 46.6 -0.6265 2.2768 0.072829 0.010459
0.82 46.6 -0.49103 2.0988 0.066201 0.0093875
0.84 46.6 -0.39347 2.0069 0.062081 0.0080889
0.86 46.6 -0.31556 1.958 0.059209 0.0067196
0.88 46.6 -0.24958 1.9325 0.05703 0.0053577
0.9 46.6 -0.19179 1.9207 0.055271 0.0040437
0.92 46.6 -0.14011 1.9174 0.053784 0.0027964
0.94 46.6 -0.093267 1.9196 0.052483 0.0016233
0.96 46.6 -0.050414 1.9254 0.051319 0.00052572
0.98 46.6 -0.010926 1.9337 0.050257 -0.00049841
1 46.6 0.025672 1.9439 0.049276 -0.0014528
1.02 46.6 0.059752 1.9553 0.048361 -0.0023417
1.04 46.6 0.091613 1.9678 0.0475 -0.0031698
1.06 46.6 0.1215 1.9809 0.046686 -0.0039414
1.08 46.6 0.14962 1.9946 0.045912 -0.0046608
1.1 46.6 0.17613 2.0088 0.045175 -0.0053321
1.12 46.6 0.20119 2.0234 0.044471 -0.0059592
1.14 46.6 0.22491 2.0382 0.043797 -0.0065457
1.16 46.6 0.24742 2.0533 0.04315 -0.0070951
1.18 46.6 0.2688 2.0687 0.042528 -0.0076104
1.2 46.6 0.28917 2.0843 0.041929 -0.0080945
