0.3 32 0.67273 0.029507 0.0032724 0.016323
0.32 32 0.65477 0.032434 0.0037424 0.017421
0.34 32 0.63472 0.034814 0.004239 0.018529
0.36 32 0.61318 0.037894 0.0047583 0.019651
0.38 32 0.59001 0.039867 0.0052983 0.020792
0.4 32 0.56578 0.04188 0.0058548 0.021956
0.42 32 0.53867 0.042112 0.0064228 0.02316
0.44 32 0.50969 0.041967 0.0070029 0.02441
0.46 32 0.47741 0.039934 0.007585 0.025731
0.48 32 0.44181 0.036521 0.0081723 0.027147
0.5 32 0.40175 0.030414 0.0087551 0.028699
0.52 32 0.35587 0.021173 0.0093422 0.030447
0.54 32 0.30172 0.0077799 0.0099528 0.032475
0.55 32 0.27042 -0.00069537 0.010281 0.033631
0.555 32 0.25345 -0.0053972 0.010454 0.034252
0.56 32 0.23548 -0.010405 0.010637 0.034907
0.565 32 0.21638 -0.01571 0.010832 0.035597
0.57 32 0.19605 -0.021292 0.011041 0.036326
0.575 32 0.17435 -0.027122 0.011269 0.037098
0.58 32 0.15111 -0.033153 0.011519 0.037916
0.585 32 0.12619 -0.039322 0.011797 0.038783
0.59 32 0.099387 -0.045538 0.012109 0.039702
0.5905 32 0.096596 -0.046158 0.012142 0.039797
0.591 32 0.093785 -0.046777 0.012176 0.039893
0.5915 32 0.090952 -0.047396 0.01221 0.039989
0.592 32 0.088097 -0.048013 0.012244 0.040086
0.5925 32 0.085221 -0.048629 0.012279 0.040183
0.593 32 0.082324 -0.049244 0.012315 0.040281
0.5935 32 0.079404 -0.049856 0.012351 0.040379
0.594 32 0.076462 -0.050468 0.012387 0.040478
0.5945 32 0.073498 -0.051077 0.012424 0.040578
0.595 32 0.070511 -0.051685 0.012461 0.040678
0.5955 32 0.067501 -0.05229 0.012499 0.040779
0.596 32 0.064468 -0.052893 0.012537 0.04088
0.5965 32 0.061412 -0.053493 0.012576 0.040982
0.597 32 0.058332 -0.05409 0.012616 0.041085
0.5975 32 0.055228 -0.054685 0.012656 0.041188
0.598 32 0.052101 -0.055276 0.012696 0.041292
0.5985 32 0.048949 -0.055864 0.012737 0.041396
0.599 32 0.045773 -0.056449 0.012779 0.041501
0.5995 32 0.042572 -0.057029 0.012821 0.041607
0.6 32 0.039347 -0.057606 0.012863 0.041713
0.6005 32 0.036096 -0.058179 0.012907 0.04182
0.601 32 0.03282 -0.058747 0.012951 0.041928
0.6015 32 0.029518 -0.05931 0.012995 0.042036
0.602 32 0.026191 -0.059869 0.013041 0.042145
0.6025 32 0.022838 -0.060422 0.013086 0.042254
0.603 32 0.019458 -0.06097 0.013133 0.042364
0.6035 32 0.016052 -0.061513 0.01318 0.042474
0.604 32 0.012619 -0.062049 0.013228 0.042586
0.6045 32 0.0091592 -0.06258 0.013276 0.042697
0.605 32 0.0056722 -0.063104 0.013325 0.04281
0.6055 32 0.0021579 -0.063621 0.013375 0.042923
0.606 32 -0.0013841 -0.064131 0.013426 0.043037
0.6065 32 -0.004954 -0.064634 0.013477 0.043151
0.607 32 -0.0085519 -0.06513 0.013529 0.043266
0.6075 32 -0.012178 -0.065617 0.013582 0.043382
0.608 32 -0.015833 -0.066097 0.013636 0.043499
0.6085 32 -0.019517 -0.066568 0.013691 0.043616
0.609 32 -0.023229 -0.06703 0.013746 0.043733
0.6095 32 -0.026971 -0.067482 0.013802 0.043851
0.61 32 -0.030743 -0.067926 0.013859 0.04397
0.615 32 -0.070127 -0.071757 0.014477 0.045194
0.62 32 -0.1127 -0.074212 0.015196 0.046481
0.625 32 -0.15865 -0.074819 0.016033 0.047826
0.63 32 -0.20812 -0.073019 0.017006 0.049223
0.635 32 -0.26119 -0.068153 0.018136 0.05066
0.64 32 -0.31782 -0.059471 0.019444 0.052123
0.645 32 -0.37785 -0.046132 0.020951 0.053589
0.65 32 -0.44092 -0.027235 0.022676 0.05503
0.66 32 -0.57359 0.030915 0.026832 0.057689
0.67 32 -0.70802 0.12156 0.031944 0.059747
0.68 32 -0.83227 0.248 0.03787 0.060793
0.69 32 -0.93224 0.4075 0.044248 0.060478
0.7 32 -0.99571 0.59005 0.050546 0.058652
0.72 32 -0.99707 0.96311 0.06082 0.051227
0.74 32 -0.87257 1.2639 0.066446 0.041635
0.76 32 -0.70227 1.4639 0.06821 0.032757
0.78 32 -0.53803 1.5867 0.067831 0.02562
0.8 32 -0.39748 1.6625 0.06654 0.020126
0.82 32 -0.28154 1.7126 0.06497 0.015881
0.84 32 -0.18604 1.749 0.063389 0.012524
0.86 32 -0.10638 1.7782 0.061898 0.0097933
0.88 32 -0.03875 1.8036 0.060521 0.0075097
0.9 32 0.019712 1.827 0.059256 0.0055553
0.92 32 0.071094 1.8493 0.058091 0.0038505
0.94 32 0.11692 1.871 0.05701 0.0023407
0.96 32 0.15829 1.8923 0.056002 0.00098785
0.98 32 0.19604 1.9134 0.055056 -0.00023577
1 32 0.23078 1.9344 0.054163 -0.0013505
1.02 32 0.26299 1.9552 0.053315 -0.0023719
1.04 32 0.29303 1.9759 0.052507 -0.0033122
1.06 32 0.32119 1.9965 0.051736 -0.004181
1.08 32 0.34769 2.0171 0.050996 -0.0049864
1.1 32 0.37273 2.0376 0.050285 -0.0057352
1.12 32 0.39646 2.058 0.049601 -0.0064331
1.14 32 0.419 2.0784 0.048942 -0.0070851
1.16 32 0.44049 2.0987 0.048306 -0.0076955
1.18 32 0.461 2.119 0.047692 -0.0082683
1.2 32 0.48063 2.1393 0.047097 -0.0088066
