0.3 47 0.57265 -0.0058817 0.0022854 0.012483
0.32 47 0.55856 -0.0063091 0.0026173 0.013311
0.34 47 0.54162 -0.0063038 0.002977 0.014128
0.36 47 0.52338 -0.0052338 0.0033465 0.014948
0.38 47 0.50445 -0.0060017 0.0037393 0.015768
0.4 47 0.48528 -0.0048726 0.0041401 0.016581
0.42 47 0.46369 -0.0069167 0.0045503 0.017402
0.44 47 0.44217 -0.0073684 0.004971 0.018214
0.46 47 0.41881 -0.010042 0.0053861 0.019028
0.48 47 0.39467 -0.012145 0.0058021 0.019839
0.5 47 0.36994 -0.016297 0.0061923 0.020638
0.52 47 0.34521 -0.021681 0.0065457 0.021427
0.54 47 0.32091 -0.029675 0.0068332 0.022197
0.56 47 0.29815 -0.041527 0.0070041 0.022933
0.58 47 0.27877 -0.059427 0.0069744 0.023623
0.6 47 0.26581 -0.087547 0.0066079 0.024248
0.62 47 0.26419 -0.13354 0.0056492 0.024785
0.64 47 0.28292 -0.21233 0.0036107 0.02522
0.65 47 0.30493 -0.2729 0.0019071 0.025402
0.655 47 0.32054 -0.31115 0.00080098 0.025485
0.66 47 0.34007 -0.3563 -0.00052336 0.025566
0.665 47 0.36437 -0.40994 -0.0021157 0.025644
0.67 47 0.39456 -0.4742 -0.0040414 0.025723
0.675 47 0.43218 -0.55191 -0.0063877 0.025804
0.68 47 0.4793 -0.64695 -0.0092742 0.025892
0.685 47 0.53892 -0.76476 -0.01287 0.025988
0.69 47 0.61544 -0.91328 -0.01742 0.026096
0.695 47 0.71567 -1.1044 -0.023298 0.026216
0.7 47 0.85072 -1.3572 -0.0311 0.026342
0.705 47 1.0401 -1.7034 -0.041838 0.026443
0.71 47 1.3211 -2.2012 -0.057382 0.02642
0.715 47 1.7758 -2.9688 -0.081618 0.02593
0.72 47 2.6231 -4.2876 -0.12412 0.023601
0.725 47 4.685 -7.0194 -0.21622 0.011655
0.73 47 14.622 -14.967 -0.537 -0.11567
0.735 47 9.795 39.432 0.80893 -0.7331
0.74 47 -2.8302 12.489 0.34399 -0.073814
0.745 47 -2.2252 7.4574 0.21728 -0.020546
0.75 47 -1.7591 5.4858 0.16449 -0.0051285
0.76 47 -1.2467 3.8122 0.11799 0.0050983
0.78 47 -0.8137 2.6892 0.085275 0.0096208
0.8 47 -0.6125 2.2898 0.072645 0.0099142
0.82 47 -0.48621 2.1056 0.066031 0.0091239
0.84 47 -0.39288 2.0111 0.061927 0.0079505
0.86 47 -0.31712 1.9607 0.059068 0.0066438
0.88 47 -0.25229 1.9345 0.056898 0.0053158
0.9 47 -0.19512 1.9222 0.055145 0.0040212
0.92 47 -0.14379 1.9185 0.053662 0.0027858
0.94 47 -0.097135 1.9204 0.052364 0.0016203
0.96 47 -0.054375 1.926 0.051201 0.00052782
0.98 47 -0.014926 1.9342 0.050141 -0.00049269
1 47 0.021663 1.9441 0.049161 -0.0014444
1.02 47 0.055753 1.9554 0.048246 -0.0023312
1.04 47 0.087636 1.9677 0.047385 -0.0031575
1.06 47 0.11755 1.9807 0.046572 -0.0039277
1.08 47 0.14569 1.9943 0.045798 -0.0046459
1.1 47 0.17224 2.0084 0.045062 -0.0053161
1.12 47 0.19732 2.0228 0.044358 -0.0059422
1.14 47 0.22107 2.0375 0.043684 -0.0065277
1.16 47 0.2436 2.0526 0.043037 -0.0070762
1.18 47 0.26501 2.0678 0.042415 -0.0075906
1.2 47 0.28539 2.0833 0.041817 -0.008074
