0 30.3 0.77497 0 -0.00099712 0
0.3 30.3 0.68775 0.035745 0.0034647 0.016976
0.32 30.3 0.6691 0.039237 0.0039635 0.018125
0.34 30.3 0.64836 0.042166 0.0044907 0.019286
0.36 30.3 0.62603 0.045746 0.0050444 0.020464
0.38 30.3 0.60192 0.048334 0.0056217 0.021668
0.4 30.3 0.57649 0.050858 0.0062205 0.0229
0.42 30.3 0.548 0.051783 0.006837 0.024182
0.44 30.3 0.51721 0.052294 0.0074745 0.025521
0.46 30.3 0.48269 0.051133 0.0081275 0.026947
0.48 30.3 0.4442 0.048754 0.0088054 0.028487
0.5 30.3 0.40035 0.044167 0.0095108 0.030187
0.52 30.3 0.34947 0.037241 0.01027 0.032111
0.54 30.3 0.28877 0.02767 0.011133 0.034343
0.55 30.3 0.25352 0.022023 0.011629 0.035608
0.555 30.3 0.23439 0.019054 0.011902 0.036285
0.56 30.3 0.21414 0.016036 0.012194 0.036994
0.565 30.3 0.19267 0.013019 0.01251 0.037737
0.57 30.3 0.16985 0.010064 0.012854 0.038517
0.575 30.3 0.14558 0.0072518 0.01323 0.039335
0.58 30.3 0.11972 0.0046833 0.013644 0.040193
0.585 30.3 0.092154 0.0024826 0.014103 0.041092
0.59 30.3 0.062737 0.00080264 0.014614 0.042033
0.5905 30.3 0.059688 0.00067011 0.014668 0.04213
0.591 30.3 0.05662 0.00054482 0.014723 0.042227
0.5915 30.3 0.053531 0.00042697 0.014779 0.042324
0.592 30.3 0.050422 0.00031677 0.014835 0.042422
0.5925 30.3 0.047293 0.00021446 0.014892 0.04252
0.593 30.3 0.044143 0.00012023 0.014949 0.042618
0.5935 30.3 0.040973 3.4322e-05 0.015007 0.042717
0.594 30.3 0.037782 -4.3039e-05 0.015066 0.042817
0.5945 30.3 0.03457 -0.00011162 0.015125 0.042916
0.595 30.3 0.031338 -0.00017119 0.015185 0.043016
0.5955 30.3 0.028084 -0.0002215 0.015246 0.043117
0.596 30.3 0.024809 -0.00026232 0.015307 0.043218
0.5965 30.3 0.021512 -0.00029338 0.015369 0.043319
0.597 30.3 0.018194 -0.00031445 0.015432 0.043421
0.5975 30.3 0.014855 -0.00032525 0.015496 0.043523
0.598 30.3 0.011493 -0.00032553 0.01556 0.043626
0.5985 30.3 0.0081103 -0.00031503 0.015625 0.043729
0.599 30.3 0.0047053 -0.00029347 0.015691 0.043833
0.5995 30.3 0.0012783 -0.00026057 0.015758 0.043937
0.6 30.3 -0.0021709 -0.00021607 0.015825 0.044041
0.6005 30.3 -0.0056424 -0.00015966 0.015893 0.044145
0.601 30.3 -0.0091363 -9.1072e-05 0.015962 0.04425
0.6015 30.3 -0.012653 -1.0004e-05 0.016032 0.044356
0.602 30.3 -0.016192 8.384e-05 0.016103 0.044462
0.6025 30.3 -0.019753 0.00019076 0.016174 0.044568
0.603 30.3 -0.023338 0.00031107 0.016247 0.044674
0.6035 30.3 -0.026945 0.00044508 0.01632 0.044781
0.604 30.3 -0.030575 0.0005931 0.016394 0.044888
0.6045 30.3 -0.034228 0.00075546 0.016469 0.044996
0.605 30.3 -0.037905 0.00093249 0.016545 0.045104
0.6055 30.3 -0.041605 0.0011245 0.016621 0.045213
0.606 30.3 -0.045327 0.0013319 0.016699 0.045321
0.6065 30.3 -0.049074 0.0015549 0.016778 0.04543
0.607 30.3 -0.052844 0.0017939 0.016857 0.04554
0.6075 30.3 -0.056637 0.0020493 0.016938 0.04565
0.608 30.3 -0.060454 0.0023215 0.017019 0.04576
0.6085 30.3 -0.064295 0.0026107 0.017101 0.04587
0.609 30.3 -0.068159 0.0029174 0.017185 0.045981
0.6095 30.3 -0.072048 0.0032419 0.017269 0.046092
0.61 30.3 -0.07596 0.0035846 0.017355 0.046203
0.615 30.3 -0.1164 0.008099 0.018267 0.047332
0.62 30.3 -0.15925 0.014884 0.019294 0.048483
0.625 30.3 -0.20446 0.024397 0.02045 0.049646
0.63 30.3 -0.25193 0.037137 0.021745 0.050807
0.635 30.3 -0.30143 0.053636 0.023191 0.051948
0.64 30.3 -0.35266 0.074441 0.024799 0.053048
0.645 30.3 -0.40515 0.10009 0.026573 0.054083
0.65 30.3 -0.4583 0.13108 0.028517 0.055025
0.66 30.3 -0.56351 0.2106 0.032892 0.056504
0.68 30.3 -0.7421 0.4413 0.04306 0.057008
0.7 30.3 -0.82849 0.73796 0.053197 0.053389
0.72 30.3 -0.80293 1.0322 0.060861 0.046503
0.74 30.3 -0.69926 1.2697 0.065151 0.038505
0.76 30.3 -0.56566 1.4381 0.066725 0.031085
0.78 30.3 -0.43367 1.5517 0.066665 0.024886
0.8 30.3 -0.3161 1.6289 0.065798 0.019902
0.82 30.3 -0.21533 1.6839 0.064598 0.015905
0.84 30.3 -0.12967 1.7258 0.063305 0.012656
0.86 30.3 -0.056459 1.7601 0.062026 0.0099611
0.88 30.3 0.0068473 1.7899 0.060805 0.0076797
0.9 30.3 0.062315 1.8169 0.059654 0.005712
0.92 30.3 0.11155 1.8422 0.058573 0.0039878
0.94 30.3 0.15578 1.8664 0.057557 0.0024569
0.96 30.3 0.19594 1.8899 0.056597 0.0010832
0.98 30.3 0.23274 1.9128 0.055689 -0.00016017
1 30.3 0.26671 1.9353 0.054825 -0.0012932
1.02 30.3 0.29829 1.9575 0.054001 -0.0023316
1.04 30.3 0.3278 1.9795 0.053212 -0.0032875
1.06 30.3 0.35551 2.0013 0.052456 -0.0041709
1.08 30.3 0.38164 2.0229 0.051729 -0.0049899
1.1 30.3 0.40637 2.0443 0.051029 -0.0057514
1.12 30.3 0.42983 2.0656 0.050354 -0.0064613
1.14 30.3 0.45215 2.0869 0.049702 -0.0071247
1.16 30.3 0.47345 2.108 0.049071 -0.0077459
1.18 30.3 0.49381 2.129 0.048461 -0.0083289
1.2 30.3 0.51332 2.15 0.04787 -0.008877
