0.5 48 0.36623 -0.017863 0.0061191 0.020321
0.52 48 0.3418 -0.022732 0.0064818 0.021087
0.54 48 0.3179 -0.029888 0.0067871 0.021826
0.56 48 0.29571 -0.04038 0.0069887 0.02252
0.58 48 0.27722 -0.056055 0.0070097 0.023147
0.6 48 0.26581 -0.080497 0.006726 0.023674
0.62 48 0.26707 -0.12026 0.0059025 0.024043
0.64 48 0.29152 -0.18801 0.0040913 0.024174
0.65 48 0.31844 -0.23977 0.0025607 0.024108
0.655 48 0.33734 -0.27232 0.0015642 0.024029
0.66 48 0.36093 -0.31058 0.00036997 0.023912
0.665 48 0.39027 -0.35581 -0.0010659 0.023749
0.67 48 0.42679 -0.40964 -0.0028004 0.023527
0.675 48 0.47244 -0.47421 -0.0049089 0.02323
0.68 48 0.52991 -0.55235 -0.0074932 0.022831
0.685 48 0.60306 -0.6479 -0.010694 0.022292
0.69 48 0.69767 -0.76619 -0.014711 0.021549
0.695 48 0.82263 -0.91481 -0.019837 0.020493
0.7 48 0.99251 -1.1048 -0.026523 0.01893
0.705 48 1.2325 -1.3527 -0.035483 0.01649
0.71 48 1.59 -1.6837 -0.047924 0.012398
0.715 48 2.1631 -2.1345 -0.06599 0.004849
0.72 48 3.1828 -2.7437 -0.093612 -0.011033
0.725 48 5.2761 -3.4149 -0.13676 -0.05113
0.73 48 10.048 -2.5824 -0.17999 -0.17337
0.735 48 13.038 7.1876 0.0084657 -0.3713
0.74 48 3.7578 10.688 0.21168 -0.20099
0.745 48 0.24668 7.7444 0.18902 -0.080652
0.75 48 -0.58938 5.8205 0.15505 -0.036041
0.76 48 -0.83559 3.9926 0.11549 -0.0065424
0.78 48 -0.70637 2.7492 0.084365 0.0063551
0.8 48 -0.57402 2.3164 0.072025 0.0085877
0.82 48 -0.47283 2.1198 0.06554 0.0084927
0.84 48 -0.39078 2.0198 0.061513 0.0076253
0.86 48 -0.32066 1.9668 0.058702 0.0064696
0.88 48 -0.2588 1.9389 0.056563 0.0052223
0.9 48 -0.20325 1.9256 0.054829 0.0039735
0.92 48 -0.15279 1.9212 0.053358 0.0027655
0.94 48 -0.10659 1.9225 0.052069 0.0016175
0.96 48 -0.064066 1.9275 0.050911 0.00053676
0.98 48 -0.024713 1.9352 0.049854 -0.00047547
1 48 0.01186 1.9448 0.048876 -0.001421
1.02 48 0.045978 1.9557 0.047963 -0.0023031
1.04 48 0.077914 1.9676 0.047104 -0.0031255
1.06 48 0.1079 1.9803 0.046291 -0.0038924
1.08 48 0.13611 1.9936 0.045519 -0.0046077
1.1 48 0.16273 2.0074 0.044783 -0.0052754
1.12 48 0.18788 2.0215 0.044079 -0.0058991
1.14 48 0.2117 2.036 0.043406 -0.0064825
1.16 48 0.23429 2.0507 0.042759 -0.0070288
1.18 48 0.25575 2.0657 0.042138 -0.0075413
1.2 48 0.27618 2.081 0.041541 -0.0080227
