0.3 30.4 0.68683 0.035358 0.0034526 0.016936
0.32 30.4 0.66823 0.038814 0.0039496 0.018081
0.34 30.4 0.64753 0.041708 0.0044748 0.019239
0.36 30.4 0.62525 0.045255 0.0050262 0.020414
0.38 30.4 0.6012 0.047803 0.0056011 0.021614
0.4 30.4 0.57585 0.050292 0.0061972 0.022842
0.42 30.4 0.54744 0.05117 0.0068105 0.024119
0.44 30.4 0.51677 0.051634 0.0074441 0.025452
0.46 30.4 0.48239 0.05041 0.0080922 0.026872
0.48 30.4 0.44408 0.047953 0.0087639 0.028404
0.5 30.4 0.40046 0.043252 0.0094609 0.030095
0.52 30.4 0.34989 0.036153 0.010209 0.032009
0.54 30.4 0.28958 0.026303 0.011054 0.03423
0.55 30.4 0.25455 0.020453 0.011539 0.035489
0.555 30.4 0.23555 0.017362 0.011805 0.036163
0.56 30.4 0.21543 0.014205 0.012091 0.036869
0.565 30.4 0.19408 0.011029 0.012398 0.03761
0.57 30.4 0.1714 0.0078939 0.012733 0.038388
0.575 30.4 0.14726 0.0048774 0.0131 0.039205
0.58 30.4 0.12154 0.0020768 0.013504 0.040061
0.585 30.4 0.094102 -0.00038643 0.013952 0.04096
0.59 30.4 0.064806 -0.0023627 0.01445 0.041901
0.5905 30.4 0.061769 -0.0025269 0.014503 0.041998
0.591 30.4 0.058712 -0.0026841 0.014557 0.042095
0.5915 30.4 0.055635 -0.0028343 0.014611 0.042192
0.592 30.4 0.052537 -0.0029772 0.014666 0.04229
0.5925 30.4 0.049419 -0.0031126 0.014721 0.042388
0.593 30.4 0.04628 -0.0032403 0.014777 0.042487
0.5935 30.4 0.04312 -0.0033601 0.014834 0.042586
0.594 30.4 0.03994 -0.0034717 0.014891 0.042686
0.5945 30.4 0.036739 -0.003575 0.014949 0.042785
0.595 30.4 0.033516 -0.0036696 0.015008 0.042886
0.5955 30.4 0.030272 -0.0037553 0.015067 0.042987
0.596 30.4 0.027007 -0.003832 0.015127 0.043088
0.5965 30.4 0.02372 -0.0038993 0.015188 0.043189
0.597 30.4 0.020411 -0.003957 0.015249 0.043292
0.5975 30.4 0.017081 -0.0040048 0.015312 0.043394
0.598 30.4 0.013729 -0.0040425 0.015375 0.043497
0.5985 30.4 0.010354 -0.0040699 0.015438 0.0436
0.599 30.4 0.0069578 -0.0040866 0.015503 0.043704
0.5995 30.4 0.003539 -0.0040924 0.015568 0.043808
0.6 30.4 9.7829e-05 -0.004087 0.015634 0.043913
0.6005 30.4 -0.0033659 -0.0040701 0.0157 0.044018
0.601 30.4 -0.0068522 -0.0040415 0.015768 0.044123
0.6015 30.4 -0.010361 -0.0040007 0.015836 0.044229
0.602 30.4 -0.013893 -0.0039477 0.015905 0.044335
0.6025 30.4 -0.017448 -0.003882 0.015975 0.044442
0.603 30.4 -0.021026 -0.0038033 0.016046 0.044549
0.6035 30.4 -0.024628 -0.0037114 0.016118 0.044656
0.604 30.4 -0.028252 -0.0036058 0.01619 0.044764
0.6045 30.4 -0.0319 -0.0034864 0.016264 0.044872
0.605 30.4 -0.035571 -0.0033527 0.016338 0.04498
0.6055 30.4 -0.039266 -0.0032045 0.016413 0.045089
0.606 30.4 -0.042985 -0.0030414 0.016489 0.045199
0.6065 30.4 -0.046727 -0.002863 0.016566 0.045308
0.607 30.4 -0.050493 -0.0026691 0.016644 0.045418
0.6075 30.4 -0.054283 -0.0024592 0.016723 0.045529
0.608 30.4 -0.058098 -0.002233 0.016803 0.045639
0.6085 30.4 -0.061936 -0.0019902 0.016884 0.04575
0.609 30.4 -0.065798 -0.0017304 0.016966 0.045862
0.6095 30.4 -0.069685 -0.0014531 0.017048 0.045974
0.61 30.4 -0.073595 -0.0011581 0.017132 0.046086
0.615 30.4 -0.11405 0.0028556 0.018028 0.047223
0.62 30.4 -0.15696 0.0090986 0.019039 0.048385
0.625 30.4 -0.20232 0.018032 0.020177 0.049562
0.63 30.4 -0.25 0.030163 0.021456 0.050739
0.635 30.4 -0.29982 0.046034 0.022887 0.0519
0.64 30.4 -0.35147 0.066207 0.024481 0.053023
0.645 30.4 -0.40449 0.091241 0.026244 0.054085
0.65 30.4 -0.4583 0.12165 0.028181 0.055057
0.66 30.4 -0.5652 0.20027 0.032555 0.056603
0.68 30.4 -0.7481 0.43089 0.04279 0.057237
0.7 30.4 -0.83812 0.7303 0.053066 0.053678
0.72 30.4 -0.81364 1.0286 0.060859 0.046755
0.74 30.4 -0.70888 1.2692 0.065215 0.038677
0.76 30.4 -0.57344 1.4393 0.0668 0.031182
0.78 30.4 -0.43979 1.5534 0.066726 0.024932
0.8 30.4 -0.32099 1.6306 0.065837 0.019919
0.82 30.4 -0.21937 1.6854 0.064618 0.015908
0.84 30.4 -0.13315 1.7271 0.063309 0.012651
0.86 30.4 -0.05955 1.7611 0.062019 0.009953
0.88 30.4 0.0040202 1.7906 0.060789 0.0076708
0.9 30.4 0.059673 1.8175 0.059631 0.0057035
0.92 30.4 0.10905 1.8426 0.058545 0.0039801
0.94 30.4 0.15338 1.8666 0.057524 0.0024502
0.96 30.4 0.19362 1.89 0.056562 0.0010776
0.98 30.4 0.23047 1.9128 0.055651 -0.00016469
1 30.4 0.26449 1.9352 0.054785 -0.0012967
1.02 30.4 0.29611 1.9574 0.05396 -0.0023341
1.04 30.4 0.32566 1.9793 0.05317 -0.0032891
1.06 30.4 0.3534 2.001 0.052413 -0.0041717
1.08 30.4 0.37955 2.0225 0.051685 -0.0049899
1.1 30.4 0.40429 2.0439 0.050984 -0.0057506
1.12 30.4 0.42777 2.0652 0.050308 -0.0064598
1.14 30.4 0.45011 2.0863 0.049656 -0.0071225
1.16 30.4 0.47142 2.1074 0.049025 -0.0077431
1.18 30.4 0.49179 2.1284 0.048415 -0.0083254
1.2 30.4 0.51131 2.1494 0.047823 -0.008873
