0 60 0.56027 0 -0.00029837 0
0.3 60 0.5131 -0.023022 0.0018533 0.010633
0.32 60 0.5013 -0.025779 0.0021284 0.011352
0.34 60 0.48498 -0.026435 0.0024331 0.012048
0.36 60 0.46717 -0.02627 0.002741 0.01275
0.38 60 0.44962 -0.028424 0.0030828 0.013448
0.4 60 0.43121 -0.026764 0.0034274 0.014138
0.42 60 0.41049 -0.0303 0.0037905 0.014836
0.44 60 0.39009 -0.030068 0.0041717 0.015521
0.46 60 0.3679 -0.032852 0.0045596 0.016203
0.48 60 0.34424 -0.033275 0.0049712 0.016884
0.5 60 0.3203 -0.035505 0.0053889 0.017539
0.52 60 0.29605 -0.036692 0.0058229 0.01818
0.54 60 0.27158 -0.037774 0.0062748 0.018787
0.56 60 0.24776 -0.038191 0.0067471 0.01933
0.58 60 0.226 -0.036891 0.007237 0.019771
0.6 60 0.20897 -0.032518 0.0077601 0.020043
0.61 60 0.20348 -0.028482 0.0080382 0.020074
0.62 60 0.20102 -0.022594 0.0083278 0.020005
0.63 60 0.20267 -0.014136 0.0086311 0.019804
0.64 60 0.20988 -0.0020989 0.0089535 0.019432
0.65 60 0.22458 0.014952 0.0093062 0.018832
0.66 60 0.24917 0.039129 0.0097089 0.017931
0.67 60 0.28658 0.073652 0.010197 0.016631
0.68 60 0.34005 0.12353 0.01084 0.014813
0.69 60 0.41239 0.19657 0.011769 0.012339
0.7 60 0.50405 0.3045 0.01322 0.0090853
0.72 60 0.70795 0.68953 0.0194 0.00038457
0.74 60 0.72798 1.3309 0.032661 -0.0070944
0.76 60 0.36277 1.8905 0.047864 -0.005713
0.78 60 -0.063934 2.0751 0.05564 0.00070384
0.8 60 -0.30278 2.0639 0.057308 0.0051745
0.82 60 -0.39257 2.0183 0.056668 0.0069361
0.84 60 -0.40513 1.9819 0.055385 0.0070756
0.86 60 -0.38165 1.9582 0.053974 0.0064154
0.88 60 -0.34274 1.944 0.05259 0.0054085
0.9 60 -0.2983 1.9365 0.05128 0.0042803
0.92 60 -0.25289 1.9336 0.050057 0.0031361
0.94 60 -0.20863 1.9343 0.048917 0.0020251
0.96 60 -0.16643 1.9375 0.047854 0.00096894
0.98 60 -0.12656 1.9427 0.046859 -2.5168e-05
1 60 -0.089039 1.9496 0.045924 -0.000956
1.02 60 -0.053774 1.9577 0.045041 -0.0018253
1.04 60 -0.02061 1.9668 0.044204 -0.002636
1.06 60 0.010609 1.9767 0.043409 -0.0033917
1.08 60 0.040032 1.9872 0.042651 -0.004096
1.1 60 0.067792 1.9983 0.041927 -0.0047525
1.12 60 0.094013 2.0098 0.041234 -0.0053649
1.14 60 0.11881 2.0218 0.04057 -0.0059366
1.16 60 0.14228 2.0341 0.039933 -0.006471
1.18 60 0.16453 2.0467 0.039321 -0.0069713
1.2 60 0.18565 2.0596 0.038732 -0.0074404
0.1 60 0 0  -6.28739e-07 0.00356184
0.5 60 0 0  0.00538888 0.0175395
0.6 60 0 0  0.0077601 0.0200427
0.8 60 0 0  0.0573076 0.00517453
2 60 0 0  0.0247798 -0.0147238
1 60 0 0  0.0459236 -0.000955996
0 60 0 0  -0.000298372 0
0 60 0 0  -0.000298372 0
0 60 0 0  -0.000298372 0
0 60 0 0  -0.000298372 0
