0 19.7 0.95425 0 -0.0014044 0
0.3 19.7 0.81703 0.10245 0.005812 0.023169
0.32 19.7 0.79156 0.11305 0.0067093 0.024795
0.34 19.7 0.76335 0.12401 0.0076901 0.026458
0.36 19.7 0.7325 0.13613 0.0087708 0.028161
0.38 19.7 0.69855 0.14909 0.0099644 0.029916
0.4 19.7 0.66128 0.16334 0.011295 0.031725
0.42 19.7 0.61958 0.17919 0.012794 0.0336
0.44 19.7 0.57323 0.19783 0.014507 0.035537
0.46 19.7 0.52156 0.22023 0.016486 0.037525
0.48 19.7 0.46445 0.24812 0.018799 0.039532
0.5 19.7 0.40197 0.2834 0.021514 0.0415
0.52 19.7 0.33498 0.32851 0.0247 0.043331
0.54 19.7 0.26537 0.38596 0.028397 0.04488
0.56 19.7 0.19631 0.45793 0.032594 0.045968
0.58 19.7 0.13231 0.5454 0.037196 0.046397
0.6 19.7 0.078524 0.64741 0.042017 0.046001
0.62 19.7 0.039649 0.76067 0.046793 0.044703
0.625 19.7 0.032662 0.79016 0.047946 0.044239
0.63 19.7 0.026829 0.81994 0.049074 0.043723
0.635 19.7 0.022163 0.84992 0.050174 0.043157
0.64 19.7 0.018665 0.87999 0.05124 0.042543
0.645 19.7 0.016326 0.91008 0.052271 0.041885
0.65 19.7 0.01513 0.94007 0.053263 0.041186
0.655 19.7 0.015048 0.96991 0.054214 0.040449
0.66 19.7 0.016044 0.99949 0.055122 0.039679
0.665 19.7 0.018076 1.0288 0.055984 0.03888
0.67 19.7 0.021095 1.0576 0.056802 0.038054
0.675 19.7 0.025047 1.086 0.057572 0.037207
0.68 19.7 0.029874 1.1139 0.058296 0.036341
0.7 19.7 0.056704 1.2198 0.060729 0.032767
0.72 19.7 0.092604 1.3152 0.062472 0.029162
0.74 19.7 0.13398 1.4 0.063623 0.025671
0.76 19.7 0.17799 1.475 0.064299 0.022382
0.78 19.7 0.22262 1.5413 0.064606 0.019337
0.8 19.7 0.26655 1.6004 0.064639 0.016546
0.82 19.7 0.30902 1.6535 0.064471 0.014003
0.84 19.7 0.34963 1.7018 0.064159 0.011688
0.86 19.7 0.38823 1.7461 0.063744 0.0095817
0.88 19.7 0.42481 1.7872 0.063258 0.0076604
0.9 19.7 0.45945 1.8258 0.062723 0.0059039
0.92 19.7 0.49227 1.8623 0.062155 0.0042932
0.94 19.7 0.52341 1.8971 0.061567 0.0028119
0.96 19.7 0.55299 1.9304 0.060965 0.0014455
0.98 19.7 0.58115 1.9626 0.060357 0.00018142
1 19.7 0.60802 1.9937 0.059747 -0.0009911
1.02 19.7 0.6337 2.024 0.059138 -0.0020814
1.04 19.7 0.65829 2.0535 0.058533 -0.0030976
1.06 19.7 0.6819 2.0824 0.057933 -0.0040468
1.08 19.7 0.70458 2.1108 0.057341 -0.0049352
1.1 19.7 0.72642 2.1386 0.056757 -0.0057683
1.12 19.7 0.74749 2.1661 0.056181 -0.0065509
1.14 19.7 0.76783 2.1931 0.055614 -0.0072874
1.16 19.7 0.78751 2.2199 0.055057 -0.0079815
1.18 19.7 0.80658 2.2463 0.054509 -0.0086366
1.2 19.7 0.82507 2.2725 0.053971 -0.009256
