0 19.6 0.95656 0 -0.0014098 0
0.3 19.6 0.81871 0.10348 0.0058514 0.023253
0.32 19.6 0.79315 0.11421 0.0067559 0.024885
0.34 19.6 0.76484 0.12531 0.007745 0.026554
0.36 19.6 0.73387 0.1376 0.0088356 0.028264
0.38 19.6 0.6998 0.15076 0.010041 0.030024
0.4 19.6 0.6624 0.16525 0.011385 0.031838
0.42 19.6 0.62057 0.18141 0.012901 0.033717
0.44 19.6 0.5741 0.20041 0.014633 0.035655
0.46 19.6 0.52235 0.22327 0.016635 0.037643
0.48 19.6 0.46521 0.25171 0.018972 0.039643
0.5 19.6 0.40283 0.28764 0.021715 0.041597
0.52 19.6 0.33611 0.33347 0.024927 0.043405
0.54 19.6 0.26698 0.39166 0.028646 0.044923
0.56 19.6 0.19868 0.46427 0.032855 0.045969
0.58 19.6 0.13569 0.55219 0.037456 0.046351
0.6 19.6 0.083056 0.65433 0.042259 0.04591
0.62 19.6 0.04534 0.76732 0.047003 0.044575
0.625 19.6 0.038622 0.79668 0.048146 0.044104
0.63 19.6 0.033045 0.82632 0.049264 0.043582
0.635 19.6 0.028619 0.85613 0.050353 0.04301
0.64 19.6 0.025345 0.88602 0.051409 0.042392
0.645 19.6 0.023211 0.91591 0.052428 0.041731
0.65 19.6 0.0222 0.9457 0.053409 0.04103
0.655 19.6 0.022281 0.97531 0.054349 0.040292
0.66 19.6 0.02342 1.0047 0.055246 0.039522
0.665 19.6 0.025574 1.0337 0.056099 0.038723
0.67 19.6 0.028694 1.0623 0.056906 0.037899
0.675 19.6 0.032726 1.0905 0.057667 0.037054
0.68 19.6 0.037613 1.1182 0.058382 0.036191
0.7 19.6 0.064509 1.2231 0.060785 0.032634
0.72 19.6 0.10026 1.3178 0.062507 0.029049
0.74 19.6 0.14135 1.402 0.063646 0.02558
0.76 19.6 0.18502 1.4766 0.064316 0.022311
0.78 19.6 0.22929 1.5426 0.064622 0.019282
0.8 19.6 0.27288 1.6015 0.064657 0.016506
0.82 19.6 0.31504 1.6545 0.064493 0.013973
0.84 19.6 0.35538 1.7027 0.064185 0.011667
0.86 19.6 0.39375 1.747 0.063775 0.0095669
0.88 19.6 0.43013 1.7882 0.063294 0.0076504
0.9 19.6 0.4646 1.8269 0.062763 0.0058974
0.92 19.6 0.49728 1.8634 0.062199 0.0042893
0.94 19.6 0.52829 1.8982 0.061614 0.0028098
0.96 19.6 0.55777 1.9316 0.061016 0.0014446
0.98 19.6 0.58584 1.9638 0.060411 0.00018123
1 19.6 0.61264 1.995 0.059803 -0.00099089
1.02 19.6 0.63826 2.0254 0.059197 -0.0020811
1.04 19.6 0.6628 2.055 0.058594 -0.0030973
1.06 19.6 0.68636 2.0839 0.057996 -0.0040468
1.08 19.6 0.709 2.1123 0.057406 -0.0049356
1.1 19.6 0.73082 2.1403 0.056823 -0.0057691
1.12 19.6 0.75185 2.1677 0.056248 -0.0065522
1.14 19.6 0.77218 2.1949 0.055683 -0.0072893
1.16 19.6 0.79184 2.2217 0.055126 -0.007984
1.18 19.6 0.81089 2.2482 0.05458 -0.0086398
1.2 19.6 0.82938 2.2744 0.054042 -0.0092598
