0.3 30.1 0.68959 0.036528 0.0034892 0.017058
0.32 30.1 0.67086 0.040092 0.0039918 0.018212
0.34 30.1 0.65003 0.043093 0.004523 0.01938
0.36 30.1 0.62759 0.046739 0.0050811 0.020566
0.38 30.1 0.60336 0.049408 0.0056635 0.021777
0.4 30.1 0.57778 0.052006 0.006268 0.023018
0.42 30.1 0.54911 0.053027 0.0068911 0.02431
0.44 30.1 0.51809 0.053636 0.0075365 0.02566
0.46 30.1 0.48329 0.052605 0.0081994 0.027098
0.48 30.1 0.44443 0.050389 0.0088901 0.028653
0.5 30.1 0.4001 0.046041 0.0096128 0.030371
0.52 30.1 0.34862 0.039476 0.010396 0.032315
0.54 30.1 0.28714 0.030485 0.011294 0.03457
0.55 30.1 0.25143 0.025257 0.011814 0.035846
0.555 30.1 0.23207 0.022541 0.012099 0.036528
0.56 30.1 0.21157 0.01981 0.012406 0.037243
0.565 30.1 0.18983 0.017118 0.012738 0.037991
0.57 30.1 0.16675 0.014533 0.013099 0.038775
0.575 30.1 0.14222 0.01214 0.013495 0.039596
0.58 30.1 0.11611 0.010045 0.01393 0.040455
0.585 30.1 0.088293 0.0083799 0.014412 0.041355
0.59 30.1 0.058647 0.0073021 0.014948 0.042295
0.5905 30.1 0.055577 0.0072337 0.015005 0.042391
0.591 30.1 0.052487 0.0071733 0.015062 0.042488
0.5915 30.1 0.049377 0.007121 0.01512 0.042585
0.592 30.1 0.046248 0.0070772 0.015179 0.042682
0.5925 30.1 0.043099 0.0070419 0.015238 0.04278
0.593 30.1 0.039929 0.0070156 0.015298 0.042878
0.5935 30.1 0.036739 0.0069983 0.015359 0.042977
0.594 30.1 0.033529 0.0069903 0.015421 0.043075
0.5945 30.1 0.030298 0.0069918 0.015483 0.043175
0.595 30.1 0.027047 0.0070032 0.015545 0.043275
0.5955 30.1 0.023775 0.0070246 0.015609 0.043375
0.596 30.1 0.020482 0.0070562 0.015673 0.043475
0.5965 30.1 0.017168 0.0070984 0.015738 0.043576
0.597 30.1 0.013833 0.0071514 0.015804 0.043677
0.5975 30.1 0.010477 0.0072155 0.01587 0.043779
0.598 30.1 0.0071002 0.0072908 0.015937 0.043881
0.5985 30.1 0.0037017 0.0073778 0.016005 0.043983
0.599 30.1 0.0002817 0.0074766 0.016074 0.044086
0.5995 30.1 -0.0031598 0.0075876 0.016144 0.044189
0.6 30.1 -0.006623 0.007711 0.016214 0.044293
0.6005 30.1 -0.010108 0.0078471 0.016285 0.044396
0.601 30.1 -0.013614 0.0079962 0.016357 0.044501
0.6015 30.1 -0.017143 0.0081586 0.01643 0.044605
0.602 30.1 -0.020694 0.0083347 0.016504 0.04471
0.6025 30.1 -0.024266 0.0085246 0.016578 0.044815
0.603 30.1 -0.027861 0.0087287 0.016653 0.044921
0.6035 30.1 -0.031478 0.0089474 0.01673 0.045027
0.604 30.1 -0.035118 0.0091809 0.016807 0.045133
0.6045 30.1 -0.03878 0.0094296 0.016885 0.04524
0.605 30.1 -0.042464 0.0096938 0.016964 0.045347
0.6055 30.1 -0.046171 0.0099739 0.017043 0.045454
0.606 30.1 -0.0499 0.01027 0.017124 0.045561
0.6065 30.1 -0.053652 0.010583 0.017206 0.045669
0.607 30.1 -0.057427 0.010912 0.017289 0.045777
0.6075 30.1 -0.061224 0.011259 0.017372 0.045886
0.608 30.1 -0.065044 0.011624 0.017457 0.045995
0.6085 30.1 -0.068887 0.012006 0.017542 0.046104
0.609 30.1 -0.072753 0.012406 0.017629 0.046213
0.6095 30.1 -0.076642 0.012826 0.017717 0.046323
0.61 30.1 -0.080554 0.013264 0.017805 0.046432
0.615 30.1 -0.12094 0.018779 0.01875 0.047544
0.62 30.1 -0.16362 0.026643 0.019811 0.048673
0.625 30.1 -0.20852 0.037303 0.020999 0.049807
0.63 30.1 -0.25552 0.051244 0.022326 0.050933
0.635 30.1 -0.30436 0.068973 0.023801 0.052033
0.64 30.1 -0.35472 0.091006 0.025434 0.053086
0.645 30.1 -0.4061 0.11784 0.027228 0.054067
0.65 30.1 -0.45792 0.14992 0.029185 0.05495
0.66 30.1 -0.55977 0.23114 0.033558 0.056298
0.68 30.1 -0.72991 0.46176 0.043587 0.05655
0.7 30.1 -0.80933 0.75292 0.053452 0.052819
0.72 30.1 -0.78175 1.0394 0.060866 0.046006
0.74 30.1 -0.68022 1.2707 0.065028 0.038168
0.76 30.1 -0.55018 1.4359 0.066578 0.030894
0.78 30.1 -0.42143 1.5484 0.066547 0.024794
0.8 30.1 -0.30628 1.6255 0.06572 0.019867
0.82 30.1 -0.20719 1.6809 0.064559 0.0159
0.84 30.1 -0.12267 1.7234 0.063297 0.012665
0.86 30.1 -0.050219 1.7582 0.062042 0.0099766
0.88 30.1 0.012556 1.7884 0.060839 0.0076969
0.9 30.1 0.067649 1.8158 0.059702 0.0057288
0.92 30.1 0.11661 1.8415 0.058631 0.004003
0.94 30.1 0.16064 1.866 0.057622 0.0024702
0.96 30.1 0.20064 1.8897 0.056668 0.0010943
0.98 30.1 0.23731 1.9128 0.055764 -0.0001511
1 30.1 0.27118 1.9355 0.054904 -0.0012862
1.02 30.1 0.30268 1.9579 0.054083 -0.0023264
1.04 30.1 0.33212 1.98 0.053297 -0.0032841
1.06 30.1 0.35978 2.0019 0.052543 -0.0041692
1.08 30.1 0.38587 2.0236 0.051818 -0.0049898
1.1 30.1 0.41055 2.0452 0.051119 -0.0057529
1.12 30.1 0.43397 2.0666 0.050445 -0.0064642
1.14 30.1 0.45627 2.0879 0.049794 -0.0071289
1.16 30.1 0.47754 2.1092 0.049164 -0.0077515
1.18 30.1 0.49789 2.1303 0.048555 -0.0083357
1.2 30.1 0.51738 2.1514 0.047964 -0.008885
