0.3 46.8 0.57372 -0.0055524 0.0022939 0.012519
0.32 46.8 0.55959 -0.0059429 0.0026269 0.013349
0.34 46.8 0.54263 -0.0059214 0.0029877 0.014169
0.36 46.8 0.52437 -0.004836 0.0033583 0.014992
0.38 46.8 0.50541 -0.0055795 0.0037522 0.015814
0.4 46.8 0.48622 -0.0044553 0.004154 0.016629
0.42 46.8 0.46459 -0.00648 0.0045652 0.017453
0.44 46.8 0.44304 -0.0069446 0.0049866 0.018269
0.46 46.8 0.41964 -0.0096253 0.0054021 0.019085
0.48 46.8 0.39546 -0.011769 0.005818 0.0199
0.5 46.8 0.37067 -0.015979 0.0062074 0.020703
0.52 46.8 0.34587 -0.021469 0.006559 0.021498
0.54 46.8 0.32148 -0.029635 0.0068429 0.022275
0.56 46.8 0.29858 -0.041767 0.0070076 0.02302
0.58 46.8 0.27899 -0.060122 0.0069679 0.023724
0.6 46.8 0.26565 -0.088989 0.0065853 0.024371
0.62 46.8 0.26334 -0.13624 0.0056006 0.024944
0.64 46.8 0.28069 -0.21724 0.0035193 0.025447
0.65 46.8 0.30151 -0.27957 0.0017837 0.025685
0.655 46.8 0.31632 -0.31896 0.00065762 0.025805
0.66 46.8 0.33485 -0.36548 -0.00069021 0.02593
0.665 46.8 0.3579 -0.42079 -0.0023105 0.026063
0.67 46.8 0.38651 -0.48711 -0.0042698 0.02621
0.675 46.8 0.42209 -0.56742 -0.0066573 0.026379
0.68 46.8 0.46656 -0.66578 -0.0095954 0.026578
0.685 46.8 0.52262 -0.78797 -0.013257 0.026823
0.69 46.8 0.59425 -0.9424 -0.017895 0.027134
0.695 46.8 0.68755 -1.1419 -0.023893 0.027539
0.7 46.8 0.81234 -1.4069 -0.031868 0.028083
0.705 46.8 0.98563 -1.7724 -0.042874 0.028838
0.71 46.8 1.2396 -2.3032 -0.058874 0.02992
0.715 46.8 1.6433 -3.1346 -0.083999 0.031526
0.72 46.8 2.3772 -4.605 -0.12867 0.033966
0.725 46.8 4.1041 -7.8608 -0.22889 0.037082
0.73 46.8 12.547 -20.727 -0.64661 0.011472
0.735 46.8 -8.4882 41.749 1.1118 -0.33589
0.74 46.8 -4.1536 11.785 0.34606 -0.033644
0.745 46.8 -2.6353 7.1892 0.217 -0.0075052
0.75 46.8 -1.9529 5.3505 0.1643 0.0011229
0.76 46.8 -1.3177 3.7604 0.118 0.0074107
0.78 46.8 -0.8332 2.6742 0.085371 0.010279
0.8 46.8 -0.61962 2.2835 0.072742 0.010186
0.82 46.8 -0.48867 2.1023 0.066117 0.009255
0.84 46.8 -0.39319 2.009 0.062005 0.0080191
0.86 46.8 -0.31635 1.9594 0.059139 0.0066813
0.88 46.8 -0.25094 1.9335 0.056965 0.0053365
0.9 46.8 -0.19346 1.9215 0.055208 0.0040322
0.92 46.8 -0.14195 1.918 0.053723 0.0027909
0.94 46.8 -0.095207 1.92 0.052424 0.0016217
0.96 46.8 -0.052401 1.9257 0.05126 0.00052666
0.98 46.8 -0.012932 1.934 0.050199 -0.00049563
1 46.8 0.023661 1.944 0.049218 -0.0014486
1.02 46.8 0.057746 1.9554 0.048303 -0.0023365
1.04 46.8 0.089618 1.9677 0.047442 -0.0031637
1.06 46.8 0.11952 1.9808 0.046628 -0.0039346
1.08 46.8 0.14765 1.9945 0.045855 -0.0046534
1.1 46.8 0.17418 2.0086 0.045118 -0.0053241
1.12 46.8 0.19925 2.0231 0.044414 -0.0059507
1.14 46.8 0.22298 2.0379 0.04374 -0.0065368
1.16 46.8 0.2455 2.0529 0.043093 -0.0070856
1.18 46.8 0.2669 2.0682 0.042471 -0.0076005
1.2 46.8 0.28727 2.0838 0.041873 -0.0080842
